# Force and moment coefficients
# dragDir       : (1.00000000e+00 0.00000000e+00 0.00000000e+00)
# sideDir       : (0.00000000e+00 0.00000000e+00 -1.00000000e+00)
# liftDir       : (0.00000000e+00 1.00000000e+00 0.00000000e+00)
# rollAxis      : (1.00000000e+00 0.00000000e+00 0.00000000e+00)
# pitchAxis     : (0.00000000e+00 0.00000000e+00 -1.00000000e+00)
# yawAxis       : (0.00000000e+00 1.00000000e+00 0.00000000e+00)
# magUInf       : 1.00000000e+00
# lRef          : 1.00000000e-01
# Aref          : 1.00000000e-03
# CofR          : (2.00000000e-01 2.00000000e-01 5.00000000e-03)
#
# Time          	Cd              	Cd(f)           	Cd(r)           	Cl              	Cl(f)           	Cl(r)           	CmPitch         	CmRoll          	CmYaw           	Cs              	Cs(f)           	Cs(r)           
0               	0.00000000e+00	0.00000000e+00	0.00000000e+00	0.00000000e+00	0.00000000e+00	0.00000000e+00	0.00000000e+00	0.00000000e+00	0.00000000e+00	0.00000000e+00	0.00000000e+00	0.00000000e+00
4               	3.15719080e+00	1.57859540e+00	1.57859540e+00	1.80209282e-02	2.01216205e-01	-1.83195277e-01	1.92205741e-01	1.50792210e-16	-2.56008673e-17	-2.35731428e-16	-1.43466581e-16	-9.22648467e-17
4.01            	3.15846404e+00	1.57923202e+00	1.57923202e+00	1.24255212e-01	-5.27366878e-01	6.51622090e-01	-5.89494484e-01	1.48119258e-16	-2.30792154e-17	-2.37729106e-16	-1.41943768e-16	-9.57853377e-17
4.02            	3.14356513e+00	1.57178257e+00	1.57178257e+00	2.67852046e-01	-4.12451411e-02	3.09097188e-01	-1.75171164e-01	1.52092263e-16	-2.20471400e-17	-2.51772516e-16	-1.47933398e-16	-1.03839118e-16
4.03            	3.15196816e+00	1.57598408e+00	1.57598408e+00	3.96547109e-01	-2.37997437e-01	6.34544546e-01	-4.36270992e-01	1.54960471e-16	-2.05834028e-17	-2.63890499e-16	-1.52528652e-16	-1.11361847e-16
4.04            	3.14337688e+00	1.57168844e+00	1.57168844e+00	5.05096684e-01	3.18076280e-01	1.87020404e-01	6.55279377e-02	1.57534306e-16	-2.06502864e-17	-2.73853239e-16	-1.57576906e-16	-1.16276333e-16
4.05            	3.15959664e+00	1.57979832e+00	1.57979832e+00	5.88807524e-01	9.88054479e-02	4.90002076e-01	-1.95598314e-01	1.58888911e-16	-2.02655336e-17	-2.81396191e-16	-1.60963629e-16	-1.20432562e-16
4.06            	3.17226635e+00	1.58613318e+00	1.58613318e+00	6.44132520e-01	6.18623987e-02	5.82270121e-01	-2.60203861e-01	1.59644280e-16	-2.05429710e-17	-2.86185287e-16	-1.63635615e-16	-1.22549673e-16
4.07            	3.17034439e+00	1.58517220e+00	1.58517220e+00	6.68474695e-01	5.30256533e-01	1.38218161e-01	1.96019186e-01	1.60044151e-16	-2.16705109e-17	-2.87749298e-16	-1.65545160e-16	-1.22204138e-16
4.08            	3.18112020e+00	1.59056010e+00	1.59056010e+00	6.60210658e-01	4.55950697e-01	2.04259960e-01	1.25845368e-01	1.59494110e-16	-2.20177403e-17	-2.85564239e-16	-1.64799860e-16	-1.20764379e-16
4.09            	3.19337634e+00	1.59668817e+00	1.59668817e+00	6.19039223e-01	1.86016150e-01	4.33023073e-01	-1.23503462e-01	1.58232900e-16	-2.17998387e-17	-2.79242505e-16	-1.61421091e-16	-1.17821414e-16
4.1             	3.19396453e+00	1.59698226e+00	1.59698226e+00	5.45925971e-01	1.67208866e-01	3.78717104e-01	-1.05754119e-01	1.56534957e-16	-2.14612718e-17	-2.68625012e-16	-1.55773778e-16	-1.12851234e-16
4.11            	3.23773569e+00	1.61886785e+00	1.61886785e+00	5.40662946e-01	2.79452701e-01	2.61210245e-01	9.12122787e-03	1.65329076e-16	-1.86710198e-17	-2.76093394e-16	-1.56717717e-16	-1.19375677e-16
4.12            	3.21082834e+00	1.60541417e+00	1.60541417e+00	4.39676135e-01	8.30328036e-01	-3.90651901e-01	6.10489969e-01	1.67479417e-16	-1.54549120e-17	-2.60984801e-16	-1.45947313e-16	-1.15037489e-16
4.13            	3.19510733e+00	1.59755366e+00	1.59755366e+00	3.22421805e-01	8.41696698e-01	-5.19274893e-01	6.80485795e-01	1.69116817e-16	-1.14185312e-17	-2.43756073e-16	-1.33296568e-16	-1.10459505e-16
4.14            	3.20233514e+00	1.60116757e+00	1.60116757e+00	1.92806257e-01	-1.28013519e-02	2.05607609e-01	-1.09204480e-01	1.69639819e-16	-6.64698363e-18	-2.25194336e-16	-1.19244151e-16	-1.05950184e-16
4.15            	3.16727243e+00	1.58363622e+00	1.58363622e+00	5.50562946e-02	6.94536459e-01	-6.39480164e-01	6.67008312e-01	1.70153191e-16	-4.77777084e-18	-2.06207574e-16	-1.07881558e-16	-9.83260162e-17
4.16            	3.16538663e+00	1.58269331e+00	1.58269331e+00	-8.66862124e-02	3.41052021e-01	-4.27738234e-01	3.84395128e-01	1.68774376e-16	-2.84047077e-18	-1.87711376e-16	-9.66961585e-17	-9.10152170e-17
4.17            	3.16074329e+00	1.58037164e+00	1.58037164e+00	-2.28577847e-01	2.65636160e-01	-4.94214007e-01	3.79925084e-01	1.66089371e-16	-2.86721682e-18	-1.70489241e-16	-8.81118371e-17	-8.23774034e-17
4.18            	3.15877784e+00	1.57938892e+00	1.57938892e+00	-3.66813980e-01	3.01174233e-01	-6.67988213e-01	4.84581223e-01	1.61900269e-16	-4.74758695e-18	-1.55110222e-16	-8.23026978e-17	-7.28075239e-17
4.19            	3.17879072e+00	1.58939536e+00	1.58939536e+00	-4.97336656e-01	-2.40724646e-01	-2.56612010e-01	7.94368229e-03	1.55902393e-16	-7.44095392e-18	-1.41914937e-16	-7.83984224e-17	-6.35165145e-17
4.2             	3.18571221e+00	1.59285610e+00	1.59285610e+00	-6.15586213e-01	-1.33224586e-01	-4.82361627e-01	1.74568520e-01	1.49207162e-16	-1.21298897e-17	-1.31092092e-16	-7.76759356e-17	-5.34161563e-17
4.21            	3.21176147e+00	1.60588073e+00	1.60588073e+00	-7.87168398e-01	2.04207298e-01	-9.91375696e-01	5.97791497e-01	1.49148718e-16	-1.10887903e-17	-1.16734292e-16	-6.94559363e-17	-4.72783558e-17
4.22            	3.25011889e+00	1.62505945e+00	1.62505945e+00	-8.05204522e-01	-1.77896956e-01	-6.27307566e-01	2.24705305e-01	1.47371269e-16	-1.70738334e-17	-1.26508395e-16	-8.03280307e-17	-4.61803639e-17
4.23            	3.27375425e+00	1.63687713e+00	1.63687713e+00	-7.91166815e-01	-1.65991656e-02	-7.74567650e-01	3.78984242e-01	1.46182775e-16	-2.40620105e-17	-1.40087919e-16	-9.41059701e-17	-4.59819492e-17
4.24            	3.28750911e+00	1.64375455e+00	1.64375455e+00	-7.45786104e-01	3.76167340e-01	-1.12195344e+00	7.49060392e-01	1.45735721e-16	-3.09086222e-17	-1.56461564e-16	-1.09139404e-16	-4.73221600e-17
4.25            	3.33290221e+00	1.66645110e+00	1.66645110e+00	-6.70669042e-01	-6.01647991e-01	-6.90210502e-02	-2.66313471e-01	1.45377796e-16	-3.48431777e-17	-1.74614635e-16	-1.22150495e-16	-5.24641397e-17
4.26            	3.31754970e+00	1.65877485e+00	1.65877485e+00	-5.68440314e-01	2.60249899e-01	-8.28690213e-01	5.44470056e-01	1.47239241e-16	-3.94545686e-17	-1.93500394e-16	-1.36204765e-16	-5.72956282e-17
4.27            	3.31552084e+00	1.65776042e+00	1.65776042e+00	-4.43547197e-01	2.81307789e-01	-7.24854985e-01	5.03081387e-01	1.49731617e-16	-4.09374543e-17	-2.12086103e-16	-1.46980506e-16	-6.51055971e-17
4.28            	3.32516025e+00	1.66258013e+00	1.66258013e+00	-3.00148741e-01	-4.33430234e-01	1.33281493e-01	-2.83355863e-01	1.52806732e-16	-3.94329180e-17	-2.29786914e-16	-1.54326375e-16	-7.54605389e-17
4.29            	3.29434601e+00	1.64717301e+00	1.64717301e+00	-1.43703173e-01	7.12426079e-02	-2.14945781e-01	1.43094195e-01	1.57321640e-16	-3.78310591e-17	-2.46281397e-16	-1.60971758e-16	-8.53096396e-17
4.3             	3.28397823e+00	1.64198911e+00	1.64198911e+00	1.89975298e-02	-2.16694841e-01	2.35692370e-01	-2.26193605e-01	1.61625230e-16	-3.42047861e-17	-2.61576856e-16	-1.64993214e-16	-9.65836420e-17
4.31            	3.21365063e+00	1.60682531e+00	1.60682531e+00	2.16301475e-01	5.89039270e-01	-3.72737795e-01	4.80888532e-01	1.75866403e-16	-2.71133266e-17	-2.90284523e-16	-1.72255588e-16	-1.18028935e-16
4.32            	3.22583273e+00	1.61291636e+00	1.61291636e+00	4.34272106e-01	6.53719303e-03	4.27734913e-01	-2.10598860e-01	1.83789133e-16	-2.42611773e-17	-3.18005369e-16	-1.83263862e-16	-1.34741507e-16
4.33            	3.21620261e+00	1.60810131e+00	1.60810131e+00	6.53139588e-01	1.93166373e-01	4.59973214e-01	-1.33403421e-01	1.92046058e-16	-2.20426394e-17	-3.44514636e-16	-1.94299957e-16	-1.50214678e-16
4.34            	3.20073872e+00	1.60036936e+00	1.60036936e+00	8.65978973e-01	6.22240737e-01	2.43738236e-01	1.89251250e-01	1.99937179e-16	-2.00316863e-17	-3.69084340e-16	-2.04573857e-16	-1.64510484e-16
4.35            	3.20431592e+00	1.60215796e+00	1.60215796e+00	1.06575924e+00	4.47517289e-01	6.18241948e-01	-8.53623297e-02	2.06604486e-16	-1.73799417e-17	-3.91018155e-16	-2.12889019e-16	-1.78129136e-16
4.36            	3.18301507e+00	1.59150754e+00	1.59150754e+00	1.24576199e+00	1.27217528e+00	-2.64132886e-02	6.49294284e-01	2.12754666e-16	-1.63840959e-17	-4.09764927e-16	-2.21266559e-16	-1.88498368e-16
4.37            	3.19670864e+00	1.59835432e+00	1.59835432e+00	1.39941152e+00	9.67640717e-01	4.31770803e-01	2.67934957e-01	2.16927152e-16	-1.44575499e-17	-4.24880441e-16	-2.26897771e-16	-1.97982671e-16
4.38            	3.20402471e+00	1.60201236e+00	1.60201236e+00	1.52109467e+00	1.00343812e+00	5.17656546e-01	2.42890789e-01	2.19934601e-16	-1.36005290e-17	-4.36075018e-16	-2.31638038e-16	-2.04436980e-16
4.39            	3.21341914e+00	1.60670957e+00	1.60670957e+00	1.60603783e+00	1.04373962e+00	5.62298211e-01	2.40720704e-01	2.21560716e-16	-1.33727283e-17	-4.43056117e-16	-2.34900787e-16	-2.08155330e-16
4.4             	3.22286618e+00	1.61143309e+00	1.61143309e+00	1.65072626e+00	1.10845505e+00	5.42271208e-01	2.83091923e-01	2.21852163e-16	-1.36822388e-17	-4.45491836e-16	-2.36428157e-16	-2.09063679e-16
4.41            	3.27749902e+00	1.63874951e+00	1.63874951e+00	1.06708912e+00	2.64303180e-01	8.02785940e-01	-2.69241380e-01	1.77265248e-16	-2.76674087e-17	-3.56218294e-16	-2.05776556e-16	-1.50441739e-16
4.42            	3.28445198e+00	1.64222599e+00	1.64222599e+00	9.91735395e-01	3.28928848e-01	6.62806547e-01	-1.66938850e-01	1.74261900e-16	-2.71516875e-17	-3.43008795e-16	-1.98656085e-16	-1.44352710e-16
4.43            	3.28599605e+00	1.64299802e+00	1.64299802e+00	8.82387249e-01	4.13620665e-01	4.68766585e-01	-2.75729598e-02	1.71494134e-16	-2.56353674e-17	-3.25128612e-16	-1.88199673e-16	-1.36928938e-16
4.44            	3.29612057e+00	1.64806028e+00	1.64806028e+00	7.43162166e-01	-1.92386529e-02	7.62400818e-01	-3.90819736e-01	1.68877013e-16	-2.24042293e-17	-3.03183074e-16	-1.73995766e-16	-1.29187307e-16
4.45            	3.29000091e+00	1.64500046e+00	1.64500046e+00	5.78741200e-01	-8.48979579e-02	6.63639158e-01	-3.74268558e-01	1.66969970e-16	-1.87961679e-17	-2.77952885e-16	-1.57772611e-16	-1.20180275e-16
4.46            	3.26671909e+00	1.63335954e+00	1.63335954e+00	3.94433841e-01	2.85987306e-01	1.08446535e-01	8.87703855e-02	1.65657368e-16	-1.52689102e-17	-2.50374531e-16	-1.40456176e-16	-1.09918355e-16
4.47            	3.24059026e+00	1.62029513e+00	1.62029513e+00	1.96187436e-01	6.49742085e-01	-4.53554649e-01	5.51648367e-01	1.64406673e-16	-1.17192838e-17	-2.21519124e-16	-1.22478846e-16	-9.90402780e-17
4.48            	3.25392845e+00	1.62696423e+00	1.62696423e+00	-9.58817014e-03	-4.21298464e-01	4.11710294e-01	-4.16504379e-01	1.62061532e-16	-6.80469656e-18	-1.92565518e-16	-1.03087456e-16	-8.94780625e-17
4.49            	3.22461539e+00	1.61230770e+00	1.61230770e+00	-2.16437647e-01	9.45631594e-02	-3.11000807e-01	2.02781983e-01	1.60157889e-16	-4.92652483e-18	-1.64724442e-16	-8.72887457e-17	-7.74356961e-17
4.5             	3.22532928e+00	1.61266464e+00	1.61266464e+00	-4.18251085e-01	-3.30821795e-01	-8.74292899e-02	-1.21696253e-01	1.56909556e-16	-3.23066577e-18	-1.39128341e-16	-7.27948365e-17	-6.63335049e-17
4.51            	3.21706227e+00	1.60853113e+00	1.60853113e+00	-6.09520615e-01	-2.51720659e-01	-3.57799955e-01	5.30396479e-02	1.52982175e-16	-3.87591318e-18	-1.16692908e-16	-6.22223674e-17	-5.44705410e-17
4.52            	3.22836510e+00	1.61418255e+00	1.61418255e+00	-7.85162418e-01	-6.62170560e-01	-1.22991858e-01	-2.69589351e-01	1.47678226e-16	-5.66685147e-18	-9.80526564e-17	-5.46931796e-17	-4.33594767e-17
4.53            	3.21524033e+00	1.60762017e+00	1.60762017e+00	-9.40330736e-01	1.25822654e-02	-9.52913002e-01	4.82747633e-01	1.42036373e-16	-1.04856862e-17	-8.35510528e-17	-5.22612126e-17	-3.12898402e-17
4.54            	3.24206704e+00	1.62103352e+00	1.62103352e+00	-1.07025928e+00	-5.58819310e-01	-5.11439970e-01	-2.36896698e-02	1.34973410e-16	-1.49084916e-17	-7.33199218e-17	-5.15684526e-17	-2.17514693e-17
4.55            	3.25272681e+00	1.62636340e+00	1.62636340e+00	-1.17051788e+00	-4.29279638e-01	-7.41238240e-01	1.55979301e-01	1.28202171e-16	-2.08665991e-17	-6.73600657e-17	-5.45466320e-17	-1.28134337e-17
4.56            	3.27418818e+00	1.63709409e+00	1.63709409e+00	-1.23738429e+00	-6.47775574e-01	-5.89608720e-01	-2.90834273e-02	1.21745801e-16	-2.63479948e-17	-6.56268857e-17	-5.91614376e-17	-6.46544808e-18
4.57            	3.28761123e+00	1.64380562e+00	1.64380562e+00	-1.26827471e+00	-6.35006728e-01	-6.33267986e-01	-8.69371308e-04	1.16598046e-16	-3.15013939e-17	-6.80391303e-17	-6.55209590e-17	-2.51817128e-18
4.58            	3.30569189e+00	1.65284594e+00	1.65284594e+00	-1.26184405e+00	-9.26454110e-01	-3.35389944e-01	-2.95532083e-01	1.12958367e-16	-3.51779379e-17	-7.44818438e-17	-7.24188598e-17	-2.06298403e-18
4.59            	3.31035493e+00	1.65517746e+00	1.65517746e+00	-1.21780700e+00	-9.25484325e-01	-2.92322678e-01	-3.16580823e-01	1.11537817e-16	-3.78692825e-17	-8.47884848e-17	-8.02635249e-17	-4.52495990e-18
4.6             	3.29158508e+00	1.64579254e+00	1.64579254e+00	-1.13672063e+00	-2.81849236e-01	-8.54871395e-01	2.86511080e-01	1.12727795e-16	-3.99198898e-17	-9.87461515e-17	-8.92929656e-17	-9.45318590e-18
4.61            	3.29194401e+00	1.64597201e+00	1.64597201e+00	-1.01996113e+00	-4.87363158e-01	-5.32597971e-01	2.26174065e-02	1.15659108e-16	-3.94368644e-17	-1.16103290e-16	-9.74885096e-17	-1.86147808e-17
4.62            	3.26871496e+00	1.63435748e+00	1.63435748e+00	-8.70086824e-01	4.20718090e-02	-9.12158633e-01	4.77115221e-01	1.21166188e-16	-3.86494518e-17	-1.36553441e-16	-1.06926172e-16	-2.96272688e-17
4.63            	3.26368365e+00	1.63184183e+00	1.63184183e+00	-6.91270097e-01	-1.22498842e-01	-5.68771255e-01	2.23136206e-01	1.28092888e-16	-3.60148647e-17	-1.59699437e-16	-1.15864583e-16	-4.38348538e-17
4.64            	3.25346100e+00	1.62673050e+00	1.62673050e+00	-4.89559384e-01	-8.15124976e-02	-4.08046886e-01	1.63267194e-01	1.36511384e-16	-3.31044225e-17	-1.84995318e-16	-1.25602081e-16	-5.93932363e-17
4.65            	3.23343362e+00	1.61671681e+00	1.61671681e+00	-2.72661814e-01	3.82801722e-01	-6.55463536e-01	5.19132629e-01	1.45940722e-16	-3.06478348e-17	-2.11712764e-16	-1.36504217e-16	-7.52085474e-17
4.66            	3.23622014e+00	1.61811007e+00	1.61811007e+00	-4.93060398e-02	1.43102872e-01	-1.92408912e-01	1.67755892e-01	1.55045081e-16	-2.75835505e-17	-2.38954141e-16	-1.47060621e-16	-9.18935200e-17
4.67            	3.23534204e+00	1.61767102e+00	1.61767102e+00	1.71629973e-01	1.68644153e-01	2.98582020e-03	8.28291662e-02	1.63822561e-16	-2.54394033e-17	-2.65725099e-16	-1.58301953e-16	-1.07423146e-16
4.68            	3.24416441e+00	1.62208221e+00	1.62208221e+00	3.81693846e-01	-1.63865101e-02	3.98080356e-01	-2.07233433e-01	1.71545532e-16	-2.37107110e-17	-2.91014967e-16	-1.69218194e-16	-1.21796772e-16
4.69            	3.24172935e+00	1.62086468e+00	1.62086468e+00	5.73200965e-01	3.19181505e-01	2.54019460e-01	3.25810225e-02	1.78378868e-16	-2.33093686e-17	-3.13869136e-16	-1.80243937e-16	-1.33625200e-16
4.7             	3.26185916e+00	1.63092958e+00	1.63092958e+00	7.39231244e-01	-6.98839242e-02	8.09115168e-01	-4.39499546e-01	1.83416779e-16	-2.24925726e-17	-3.33407418e-16	-1.89196282e-16	-1.44211136e-16
4.71            	3.27061907e+00	1.63530953e+00	1.63530953e+00	8.73792894e-01	-1.41848335e-02	8.87977728e-01	-4.51081281e-01	1.87289237e-16	-2.25976100e-17	-3.48837634e-16	-1.97016427e-16	-1.51821207e-16
4.72            	3.27294362e+00	1.63647181e+00	1.63647181e+00	9.72086148e-01	2.66817329e-01	7.05268819e-01	-2.19225745e-01	1.89848093e-16	-2.31466839e-17	-3.59471108e-16	-2.02882238e-16	-1.56588870e-16
4.73            	3.27799139e+00	1.63899570e+00	1.63899570e+00	1.03093779e+00	4.09494888e-01	6.21442901e-01	-1.05974007e-01	1.90944664e-16	-2.34598270e-17	-3.64777620e-16	-2.05848637e-16	-1.58928983e-16
4.74            	3.28722842e+00	1.64361421e+00	1.64361421e+00	1.04917495e+00	3.34726563e-01	7.14448383e-01	-1.89860910e-01	1.90717905e-16	-2.32175446e-17	-3.64472138e-16	-2.05453614e-16	-1.59018524e-16
4.75            	3.29325105e+00	1.64662552e+00	1.64662552e+00	1.02753388e+00	2.85866264e-01	7.41667617e-01	-2.27900676e-01	1.89602001e-16	-2.25396174e-17	-3.58571095e-16	-2.01825165e-16	-1.56745930e-16
4.76            	3.30597993e+00	1.65298997e+00	1.65298997e+00	9.68357369e-01	-1.10030290e-01	1.07838766e+00	-5.94208975e-01	1.87696555e-16	-2.08161507e-17	-3.47406609e-16	-1.94519455e-16	-1.52887154e-16
4.77            	3.30169617e+00	1.65084809e+00	1.65084809e+00	8.75060463e-01	-1.77528188e-02	8.92813282e-01	-4.55283050e-01	1.85770114e-16	-1.91180566e-17	-3.31567711e-16	-1.84901912e-16	-1.46665799e-16
4.78            	3.29664206e+00	1.64832103e+00	1.64832103e+00	7.51775513e-01	-2.29237642e-02	7.74699277e-01	-3.98811521e-01	1.83602627e-16	-1.68047360e-17	-3.11809364e-16	-1.72709418e-16	-1.39099946e-16
4.79            	3.27895882e+00	1.63947941e+00	1.63947941e+00	6.03275595e-01	3.08232873e-01	2.95042721e-01	6.59507599e-03	1.81450694e-16	-1.46547385e-17	-2.88975332e-16	-1.59142404e-16	-1.29832927e-16
4.8             	3.27384609e+00	1.63692304e+00	1.63692304e+00	4.35021081e-01	9.87468063e-02	3.36274275e-01	-1.18763734e-01	1.78692827e-16	-1.17934631e-17	-2.63964718e-16	-1.43775822e-16	-1.20188896e-16
4.81            	3.31354601e+00	1.65677301e+00	1.65677301e+00	-3.19226462e-02	5.16141005e-02	-8.35367467e-02	6.75754236e-02	1.58871666e-16	-1.64177014e-17	-1.97416664e-16	-1.15126033e-16	-8.22906305e-17
4.82            	3.28775236e+00	1.64387618e+00	1.64387618e+00	-2.44261560e-01	4.32195275e-01	-6.76456834e-01	5.54326054e-01	1.55304956e-16	-1.33331416e-17	-1.66262207e-16	-9.64642452e-17	-6.97979621e-17
4.83            	3.29508305e+00	1.64754152e+00	1.64754152e+00	-4.44495386e-01	-1.78790526e-01	-2.65704860e-01	4.34571667e-02	1.51634469e-16	-9.98825973e-18	-1.39232270e-16	-7.96043945e-17	-5.96278751e-17
4.84            	3.29608033e+00	1.64804017e+00	1.64804017e+00	-6.24763247e-01	-3.70997731e-01	-2.53765516e-01	-5.86161078e-02	1.48721290e-16	-8.52972482e-18	-1.17731649e-16	-6.73955494e-17	-5.03360998e-17
4.85            	3.28800471e+00	1.64400235e+00	1.64400235e+00	-7.77972290e-01	-1.87311074e-02	-7.59241182e-01	3.70255038e-01	1.46704846e-16	-9.29995544e-18	-1.02855439e-16	-6.07276752e-17	-4.21277643e-17
4.86            	3.29363046e+00	1.64681523e+00	1.64681523e+00	-8.97934449e-01	3.15506600e-02	-9.29485109e-01	4.80517885e-01	1.45039833e-16	-1.12012892e-17	-9.50615933e-17	-5.87320859e-17	-3.63295075e-17
4.87            	3.30861435e+00	1.65430717e+00	1.65430717e+00	-9.79560790e-01	-1.03028386e-01	-8.76532404e-01	3.86752009e-01	1.43784874e-16	-1.41741190e-17	-9.41995771e-17	-6.12739075e-17	-3.29256695e-17
4.88            	3.33726663e+00	1.66863332e+00	1.66863332e+00	-1.01923680e+00	-5.39383372e-01	-4.79853431e-01	-2.97649705e-02	1.43014190e-16	-1.77630182e-17	-9.99385684e-17	-6.77323024e-17	-3.22062660e-17
4.89            	3.33284150e+00	1.66642075e+00	1.66642075e+00	-1.01514337e+00	2.90349195e-01	-1.30549257e+00	7.97920881e-01	1.43714714e-16	-2.35655744e-17	-1.11464464e-16	-7.92978065e-17	-3.21666576e-17
4.9             	3.34961662e+00	1.67480831e+00	1.67480831e+00	-9.67039070e-01	4.10358506e-01	-1.37739758e+00	8.93878041e-01	1.44928191e-16	-2.85587834e-17	-1.28081060e-16	-9.25993133e-17	-3.54817465e-17
4.91            	3.29205498e+00	1.64602749e+00	1.64602749e+00	-1.12593597e+00	7.51789980e-02	-1.20111497e+00	6.38146983e-01	1.26782666e-16	-3.02514478e-17	-9.06112591e-17	-7.55570774e-17	-1.50541818e-17
4.92            	3.31554481e+00	1.65777240e+00	1.65777240e+00	-1.07517603e+00	-3.31985737e-01	-7.43190292e-01	2.05602278e-01	1.25721828e-16	-3.37927496e-17	-1.03818783e-16	-8.57021412e-17	-1.81166421e-17
4.93            	3.32544137e+00	1.66272069e+00	1.66272069e+00	-9.89280021e-01	-4.07910941e-01	-5.81369080e-01	8.67290698e-02	1.26374505e-16	-3.68479812e-17	-1.20759173e-16	-9.72275677e-17	-2.35316054e-17
4.94            	3.31371314e+00	1.65685657e+00	1.65685657e+00	-8.71179479e-01	1.01100025e-01	-9.72279504e-01	5.36689764e-01	1.28941856e-16	-3.95192181e-17	-1.40730315e-16	-1.09884375e-16	-3.08459393e-17
4.95            	3.32153049e+00	1.66076525e+00	1.66076525e+00	-7.24253375e-01	-2.81035509e-01	-4.43217866e-01	8.10911782e-02	1.32514628e-16	-3.97554625e-17	-1.63011147e-16	-1.21261036e-16	-4.17501111e-17
4.96            	3.30499029e+00	1.65249514e+00	1.65249514e+00	-5.52620834e-01	3.86439417e-02	-5.91264775e-01	3.14954359e-01	1.37943625e-16	-3.96038208e-17	-1.86890431e-16	-1.33049036e-16	-5.38413949e-17
4.97            	3.29004071e+00	1.64502035e+00	1.64502035e+00	-3.61458980e-01	1.75619288e-01	-5.37078267e-01	3.56348777e-01	1.44456500e-16	-3.80599420e-17	-2.11676622e-16	-1.43898253e-16	-6.77783688e-17
4.98            	3.27772133e+00	1.63886066e+00	1.63886066e+00	-1.57199209e-01	1.51222760e-01	-3.08421969e-01	2.29822364e-01	1.51682709e-16	-3.54454830e-17	-2.36674416e-16	-1.53782691e-16	-8.28917251e-17
4.99            	3.25717761e+00	1.62858880e+00	1.62858880e+00	5.27344430e-02	4.23912045e-01	-3.71177602e-01	3.97544824e-01	1.59405351e-16	-3.27611172e-17	-2.61189198e-16	-1.63355716e-16	-9.78334817e-17
5               	3.24470542e+00	1.62235271e+00	1.62235271e+00	2.60476249e-01	4.83275478e-01	-2.22799229e-01	3.53037354e-01	1.66797780e-16	-2.97798381e-17	-2.84544339e-16	-1.72052008e-16	-1.12492332e-16
5.01            	3.30101135e+00	1.65050568e+00	1.65050568e+00	6.88410138e-01	6.21475100e-01	6.69350380e-02	2.77270031e-01	1.90543177e-16	-2.88286260e-17	-3.48277931e-16	-2.02967591e-16	-1.45310339e-16
5.02            	3.30881558e+00	1.65440779e+00	1.65440779e+00	8.38806411e-01	4.43703201e-01	3.95103210e-01	2.42999954e-02	1.93740484e-16	-2.75502263e-17	-3.63261535e-16	-2.09180994e-16	-1.54080541e-16
5.03            	3.32275314e+00	1.66137657e+00	1.66137657e+00	9.56550920e-01	2.97040440e-01	6.59510479e-01	-1.81235020e-01	1.95065747e-16	-2.77971051e-17	-3.75067659e-16	-2.15330935e-16	-1.59736725e-16
5.04            	3.33372958e+00	1.66686479e+00	1.66686479e+00	1.03513354e+00	5.46475693e-01	4.88657844e-01	2.89089250e-02	1.94658253e-16	-3.00592815e-17	-3.83165593e-16	-2.21642078e-16	-1.61523515e-16
5.05            	3.35473675e+00	1.67736837e+00	1.67736837e+00	1.06950402e+00	5.94163580e-01	4.75340439e-01	5.94115702e-02	1.92007748e-16	-3.32738366e-17	-3.86513927e-16	-2.26530800e-16	-1.59983127e-16
5.06            	3.39117921e+00	1.69558960e+00	1.69558960e+00	1.05792090e+00	1.34051162e-01	9.23869740e-01	-3.94909289e-01	1.87043483e-16	-3.65314191e-17	-3.84223592e-16	-2.28643215e-16	-1.55580377e-16
5.07            	3.41379216e+00	1.70689608e+00	1.70689608e+00	1.00005237e+00	1.98747736e-01	8.01304634e-01	-3.01278449e-01	1.80829777e-16	-4.05090615e-17	-3.75591593e-16	-2.28304858e-16	-1.47286735e-16
5.08            	3.44637203e+00	1.72318601e+00	1.72318601e+00	8.97793516e-01	-2.56298642e-01	1.15409216e+00	-7.05195400e-01	1.73155869e-16	-4.30259644e-17	-3.59771530e-16	-2.22911729e-16	-1.36859801e-16
5.09            	3.45156970e+00	1.72578485e+00	1.72578485e+00	7.55444328e-01	5.16193502e-03	7.50282393e-01	-3.72560229e-01	1.65438096e-16	-4.49593571e-17	-3.36670112e-16	-2.13294413e-16	-1.23375699e-16
5.1             	3.45617368e+00	1.72808684e+00	1.72808684e+00	5.77345993e-01	6.97250845e-03	5.70373485e-01	-2.81700488e-01	1.57765713e-16	-4.45601360e-17	-3.06697591e-16	-1.97908931e-16	-1.08788659e-16
5.11            	3.37853133e+00	1.68926567e+00	1.68926567e+00	5.61839177e-01	5.01593269e-01	6.02459076e-02	2.20673681e-01	1.74712102e-16	-2.53973932e-17	-2.91580504e-16	-1.71187645e-16	-1.20392859e-16
5.12            	3.38323393e+00	1.69161697e+00	1.69161697e+00	3.91056918e-01	2.63051919e-01	1.28004999e-01	6.75234599e-02	1.71656860e-16	-2.38168186e-17	-2.68460952e-16	-1.58047295e-16	-1.10413657e-16
5.13            	3.37143934e+00	1.68571967e+00	1.68571967e+00	2.05601672e-01	4.07830435e-01	-2.02228762e-01	3.05029598e-01	1.69033597e-16	-2.22242871e-17	-2.43644488e-16	-1.44046531e-16	-9.95979567e-17
5.14            	3.36949410e+00	1.68474705e+00	1.68474705e+00	1.22759822e-02	2.77517019e-02	-1.54757197e-02	2.16137108e-02	1.66249363e-16	-1.96058988e-17	-2.17998034e-16	-1.28604916e-16	-8.93931183e-17
5.15            	3.34858854e+00	1.67429427e+00	1.67429427e+00	-1.82285963e-01	2.16508256e-01	-3.98794219e-01	3.07651237e-01	1.63826172e-16	-1.76658382e-17	-1.92483086e-16	-1.13907381e-16	-7.85757049e-17
5.16            	3.33683256e+00	1.66841628e+00	1.66841628e+00	-3.71133918e-01	4.85285121e-02	-4.19662430e-01	2.34095471e-01	1.61053981e-16	-1.55594185e-17	-1.68196980e-16	-9.96579085e-17	-6.85390714e-17
5.17            	3.33309493e+00	1.66654746e+00	1.66654746e+00	-5.47594426e-01	-3.54329945e-01	-1.93264481e-01	-8.05327323e-02	1.57865472e-16	-1.38044213e-17	-1.46234716e-16	-8.69217793e-17	-5.93129366e-17
5.18            	3.31743308e+00	1.65871654e+00	1.65871654e+00	-7.05480708e-01	-2.09303664e-01	-4.96177045e-01	1.43436691e-01	1.54647542e-16	-1.37096904e-17	-1.27591782e-16	-7.75055815e-17	-5.00862008e-17
5.19            	3.31213205e+00	1.65606603e+00	1.65606603e+00	-8.39167059e-01	-2.66504601e-01	-5.72662458e-01	1.53078929e-01	1.50958804e-16	-1.44742094e-17	-1.13096629e-16	-7.10225237e-17	-4.20741050e-17
5.2             	3.32377390e+00	1.66188695e+00	1.66188695e+00	-9.43995608e-01	-7.42380775e-01	-2.01614833e-01	-2.70382971e-01	1.46781165e-16	-1.58318356e-17	-1.03320329e-16	-6.74919998e-17	-3.58283287e-17
5.21            	3.22493956e+00	1.61246978e+00	1.61246978e+00	-1.16139679e+00	-8.01025829e-01	-3.60370957e-01	-2.20327436e-01	1.20064309e-16	-1.34682496e-17	-4.31861415e-17	-3.50613204e-17	-8.12482118e-18
5.22            	3.23259237e+00	1.61629618e+00	1.61629618e+00	-1.25536395e+00	-9.95712779e-01	-2.59651170e-01	-3.68030804e-01	1.15983471e-16	-1.53236982e-17	-3.47859980e-17	-3.27166972e-17	-2.06930078e-18
5.23            	3.22468949e+00	1.61234474e+00	1.61234474e+00	-1.31068609e+00	-5.10633808e-01	-8.00052287e-01	1.44709239e-01	1.13260952e-16	-1.87630371e-17	-3.28710696e-17	-3.51985719e-17	2.32750230e-18
5.24            	3.24251203e+00	1.62125601e+00	1.62125601e+00	-1.32524714e+00	-8.64488206e-01	-4.60758937e-01	-2.01864634e-01	1.11219062e-16	-2.15813374e-17	-3.74850655e-17	-4.03238701e-17	2.83880466e-18
5.25            	3.23971011e+00	1.61985506e+00	1.61985506e+00	-1.29828206e+00	-4.51985018e-01	-8.46297043e-01	1.97156012e-01	1.11034535e-16	-2.55603485e-17	-4.83744766e-17	-4.97475868e-17	1.37311023e-18
5.26            	3.23817428e+00	1.61908714e+00	1.61908714e+00	-1.23065232e+00	-1.08720654e-01	-1.12193167e+00	5.06605507e-01	1.12333270e-16	-2.93043733e-17	-6.49738112e-17	-6.17912789e-17	-3.18253227e-18
5.27            	3.24659860e+00	1.62329930e+00	1.62329930e+00	-1.12449211e+00	-1.86852262e-01	-9.37639849e-01	3.75393794e-01	1.14950729e-16	-3.20694826e-17	-8.65080440e-17	-7.53235046e-17	-1.11845394e-17
5.28            	3.26012422e+00	1.63006211e+00	1.63006211e+00	-9.83033103e-01	-5.38432180e-01	-4.44600923e-01	-4.69156282e-02	1.18942443e-16	-3.38100565e-17	-1.12062914e-16	-8.98415137e-17	-2.22214006e-17
5.29            	3.24445369e+00	1.62222684e+00	1.62222684e+00	-8.10487742e-01	5.28568034e-02	-8.63344545e-01	4.58100674e-01	1.24932234e-16	-3.59289420e-17	-1.40641820e-16	-1.06249852e-16	-3.43919682e-17
5.3             	3.24006765e+00	1.62003382e+00	1.62003382e+00	-6.12324463e-01	1.39450916e-01	-7.51775380e-01	4.45613148e-01	1.31850714e-16	-3.64481327e-17	-1.71150334e-16	-1.22023300e-16	-4.91270343e-17
5.31            	3.25929046e+00	1.62964523e+00	1.62964523e+00	-2.72413593e-01	2.24524459e-01	-4.96938052e-01	3.60731256e-01	1.48721242e-16	-3.43133824e-17	-2.21170973e-16	-1.44898869e-16	-7.62721039e-17
5.32            	3.24062893e+00	1.62031447e+00	1.62031447e+00	-4.25118747e-02	5.82352871e-01	-6.24864745e-01	6.03608808e-01	1.57262781e-16	-3.28105449e-17	-2.50289881e-16	-1.57955485e-16	-9.23343955e-17
5.33            	3.23111955e+00	1.61555978e+00	1.61555978e+00	1.90173544e-01	6.48179368e-01	-4.58005824e-01	5.53092596e-01	1.65462558e-16	-3.07911636e-17	-2.78523396e-16	-1.70052862e-16	-1.08470534e-16
5.34            	3.22849590e+00	1.61424795e+00	1.61424795e+00	4.16918341e-01	5.36802690e-01	-1.19884349e-01	3.28343519e-01	1.72942285e-16	-2.86363891e-17	-3.04971942e-16	-1.81122360e-16	-1.23849582e-16
5.35            	3.21839633e+00	1.60919817e+00	1.60919817e+00	6.29231988e-01	7.87172203e-01	-1.57940215e-01	4.72556209e-01	1.79647485e-16	-2.72339886e-17	-3.28819465e-16	-1.91643721e-16	-1.37175744e-16
5.36            	3.21696322e+00	1.60848161e+00	1.60848161e+00	8.19350085e-01	8.38578987e-01	-1.92289022e-02	4.28903945e-01	1.84960403e-16	-2.59872279e-17	-3.49368309e-16	-2.00671382e-16	-1.48696927e-16
5.37            	3.21977379e+00	1.60988689e+00	1.60988689e+00	9.80602276e-01	8.54997967e-01	1.25604310e-01	3.64696828e-01	1.88817117e-16	-2.51540997e-17	-3.66024577e-16	-2.08166388e-16	-1.57858189e-16
5.38            	3.22481697e+00	1.61240848e+00	1.61240848e+00	1.10766123e+00	9.01576132e-01	2.06085100e-01	3.47745516e-01	1.91222857e-16	-2.47789772e-17	-3.78311488e-16	-2.13934721e-16	-1.64376767e-16
5.39            	3.24255081e+00	1.62127540e+00	1.62127540e+00	1.19677796e+00	5.82821322e-01	6.13956637e-01	-1.55676577e-02	1.92034828e-16	-2.42249611e-17	-3.85877871e-16	-2.17163896e-16	-1.68713974e-16
5.4             	3.24740460e+00	1.62370230e+00	1.62370230e+00	1.24570657e+00	7.77203279e-01	4.68503291e-01	1.54349994e-01	1.91984785e-16	-2.44418320e-17	-3.88490336e-16	-2.18687000e-16	-1.69803336e-16
5.41            	3.23672976e+00	1.61836488e+00	1.61836488e+00	1.16574594e+00	2.76867323e-01	8.88878618e-01	-3.06005647e-01	1.90069116e-16	-1.81497064e-17	-3.66292477e-16	-2.01295945e-16	-1.64996532e-16
5.42            	3.23196982e+00	1.61598491e+00	1.61598491e+00	1.13298467e+00	7.72744063e-01	3.60240605e-01	2.06251729e-01	1.88846836e-16	-1.84390102e-17	-3.58430766e-16	-1.97654393e-16	-1.60776373e-16
5.43            	3.24117610e+00	1.62058805e+00	1.62058805e+00	1.06118773e+00	7.15834273e-01	3.45353461e-01	1.85240406e-01	1.86544779e-16	-1.79428274e-17	-3.46056162e-16	-1.90970908e-16	-1.55085254e-16
5.44            	3.25964744e+00	1.62982372e+00	1.62982372e+00	9.53549746e-01	2.27461850e-01	7.26087896e-01	-2.49313023e-01	1.83471036e-16	-1.66721294e-17	-3.29552549e-16	-1.81448404e-16	-1.48104145e-16
5.45            	3.27044418e+00	1.63522209e+00	1.63522209e+00	8.14448318e-01	-1.19698225e-01	9.34146543e-01	-5.26922384e-01	1.80158167e-16	-1.52780398e-17	-3.09421105e-16	-1.69988592e-16	-1.39432513e-16
5.46            	3.26159069e+00	1.63079534e+00	1.63079534e+00	6.49186340e-01	8.91488997e-02	5.60037440e-01	-2.35444270e-01	1.76975657e-16	-1.42815859e-17	-2.86271094e-16	-1.57417133e-16	-1.28853961e-16
5.47            	3.25553420e+00	1.62776710e+00	1.62776710e+00	4.63743537e-01	5.75516966e-02	4.06191840e-01	-1.74320072e-01	1.73491891e-16	-1.27138419e-17	-2.60816454e-16	-1.43122069e-16	-1.17694385e-16
5.48            	3.23482451e+00	1.61741226e+00	1.61741226e+00	2.64956530e-01	4.36860076e-01	-1.71903545e-01	3.04381810e-01	1.70103184e-16	-1.15636988e-17	-2.33942719e-16	-1.28535058e-16	-1.05407661e-16
5.49            	3.23657752e+00	1.61828876e+00	1.61828876e+00	5.93822589e-02	-5.89234216e-02	1.18305680e-01	-8.86145510e-02	1.65966506e-16	-9.37761972e-18	-2.06556109e-16	-1.12655674e-16	-9.39004347e-17
5.5             	3.21356235e+00	1.60678117e+00	1.60678117e+00	-1.45923034e-01	3.09177441e-01	-4.55100475e-01	3.82138958e-01	1.62063853e-16	-8.65531961e-18	-1.79692782e-16	-9.85017106e-17	-8.11910713e-17
5.51            	3.21382207e+00	1.60691104e+00	1.60691104e+00	-4.31406826e-01	-6.53484821e-01	2.22077995e-01	-4.37781408e-01	1.40178127e-16	-1.23228253e-17	-1.33377914e-16	-7.90117820e-17	-5.43661315e-17
5.52            	3.20089450e+00	1.60044725e+00	1.60044725e+00	-6.48578236e-01	-5.96030821e-01	-5.25474156e-02	-2.71741703e-01	1.33372285e-16	-1.18316195e-17	-1.03438362e-16	-6.35508005e-17	-3.98875616e-17
5.53            	3.18833747e+00	1.59416873e+00	1.59416873e+00	-8.47860449e-01	-4.72691817e-01	-3.75168631e-01	-4.87615931e-02	1.26795417e-16	-1.19775123e-17	-7.67353923e-17	-5.03452084e-17	-2.63901839e-17
5.54            	3.18618608e+00	1.59309304e+00	1.59309304e+00	-1.02271752e+00	-5.99167681e-01	-4.23549836e-01	-8.78089226e-02	1.20401804e-16	-1.25369546e-17	-5.44223310e-17	-3.97481201e-17	-1.46742109e-17
5.55            	3.18323903e+00	1.59161951e+00	1.59161951e+00	-1.16726099e+00	-5.47948206e-01	-6.19312786e-01	3.56822901e-02	1.14641420e-16	-1.41551789e-17	-3.74737589e-17	-3.28920584e-17	-4.58170050e-18
5.56            	3.18567742e+00	1.59283871e+00	1.59283871e+00	-1.27666808e+00	-5.36974567e-01	-7.39693517e-01	1.01359475e-01	1.09614113e-16	-1.65221854e-17	-2.65875011e-17	-2.98159359e-17	3.22843484e-18
5.57            	3.18654211e+00	1.59327105e+00	1.59327105e+00	-1.34738076e+00	-3.39945252e-01	-1.00743551e+00	3.33745128e-01	1.05711649e-16	-1.97832014e-17	-2.21456024e-17	-3.08560025e-17	8.71040017e-18
5.58            	3.20220963e+00	1.60110481e+00	1.60110481e+00	-1.37726170e+00	-5.85721331e-01	-7.91540373e-01	1.02909521e-01	1.02805042e-16	-2.28796850e-17	-2.42019153e-17	-3.49806427e-17	1.07787274e-17
5.59            	3.20024415e+00	1.60012208e+00	1.60012208e+00	-1.36550971e+00	-1.67183848e-01	-1.19832586e+00	5.15571007e-01	1.01778296e-16	-2.69487186e-17	-3.25243300e-17	-4.32108836e-17	1.06865536e-17
5.6             	3.20921020e+00	1.60460510e+00	1.60460510e+00	-1.31293503e+00	-1.58225865e-01	-1.15470917e+00	4.98241652e-01	1.02119646e-16	-3.02928962e-17	-4.65839755e-17	-5.35848839e-17	7.00090844e-18
5.61            	3.22043311e+00	1.61021656e+00	1.61021656e+00	-1.22147220e+00	-2.89751412e-01	-9.31720787e-01	3.20984688e-01	1.04052275e-16	-3.29817318e-17	-6.56708581e-17	-6.58171609e-17	1.46302770e-19
5.62            	3.21943109e+00	1.60971555e+00	1.60971555e+00	-1.09418046e+00	-7.02936040e-02	-1.02388686e+00	4.76796627e-01	1.07848518e-16	-3.54230415e-17	-8.89293166e-17	-7.98876998e-17	-9.04161680e-18
5.63            	3.22482319e+00	1.61241159e+00	1.61241159e+00	-9.35305574e-01	-1.78685522e-01	-7.56620052e-01	2.88967265e-01	1.12987607e-16	-3.65707714e-17	-1.15381234e-16	-9.42613883e-17	-2.11198455e-17
5.64            	3.22587494e+00	1.61293747e+00	1.61293747e+00	-7.49946361e-01	-2.33517577e-01	-5.16428784e-01	1.41455603e-01	1.19522226e-16	-3.68196862e-17	-1.44012802e-16	-1.08826087e-16	-3.51867148e-17
5.65            	3.21999266e+00	1.60999633e+00	1.60999633e+00	-5.44074859e-01	-1.36283382e-01	-4.07791477e-01	1.35754048e-01	1.27269836e-16	-3.62723064e-17	-1.73797206e-16	-1.23170909e-16	-5.06262966e-17
5.66            	3.20427968e+00	1.60213984e+00	1.60213984e+00	-3.24345556e-01	2.30191920e-01	-5.54537476e-01	3.92364698e-01	1.36000313e-16	-3.51370718e-17	-2.03742010e-16	-1.37008077e-16	-6.67339331e-17
5.67            	3.19287836e+00	1.59643918e+00	1.59643918e+00	-9.78984974e-02	3.83541324e-01	-4.81439822e-01	4.32490573e-01	1.45070415e-16	-3.29314458e-17	-2.32923143e-16	-1.49393017e-16	-8.35301256e-17
5.68            	3.17786750e+00	1.58893375e+00	1.58893375e+00	1.27992706e-01	6.41885399e-01	-5.13892693e-01	5.77889046e-01	1.54286966e-16	-3.02899851e-17	-2.60530618e-16	-1.60555294e-16	-9.99753236e-17
5.69            	3.17154424e+00	1.58577212e+00	1.58577212e+00	3.46079768e-01	6.09728295e-01	-2.63648527e-01	4.36688411e-01	1.63015165e-16	-2.69823564e-17	-2.85871695e-16	-1.69918204e-16	-1.15953491e-16
5.7             	3.15800960e+00	1.57900480e+00	1.57900480e+00	5.49400328e-01	9.03684897e-01	-3.54284568e-01	6.28984733e-01	1.71251820e-16	-2.41143886e-17	-3.08379114e-16	-1.78303946e-16	-1.30075168e-16
5.71            	3.15363703e+00	1.57681851e+00	1.57681851e+00	7.31499002e-01	9.79332259e-01	-2.47833258e-01	6.13582759e-01	1.78354630e-16	-2.12660851e-17	-3.27608056e-16	-1.85070113e-16	-1.42537943e-16
5.72            	3.15578046e+00	1.57789023e+00	1.57789023e+00	8.86634176e-01	9.54890424e-01	-6.82562483e-02	5.11573336e-01	1.84166617e-16	-1.88121956e-17	-3.43218681e-16	-1.90421536e-16	-1.52797145e-16
5.73            	3.16558637e+00	1.58279319e+00	1.58279319e+00	1.00989233e+00	7.88346084e-01	2.21546247e-01	2.83399918e-01	1.88530790e-16	-1.68253737e-17	-3.54945350e-16	-1.94298049e-16	-1.60647301e-16
5.74            	3.17417696e+00	1.58708848e+00	1.58708848e+00	1.09740137e+00	7.70846367e-01	3.26555002e-01	2.22145683e-01	1.91582350e-16	-1.57043767e-17	-3.62577904e-16	-1.96993329e-16	-1.65584576e-16
5.75            	3.17669262e+00	1.58834631e+00	1.58834631e+00	1.14642966e+00	1.02990557e+00	1.16524089e-01	4.56690740e-01	1.93422479e-16	-1.55413757e-17	-3.65931441e-16	-1.98507096e-16	-1.67424345e-16
5.76            	3.18696039e+00	1.59348020e+00	1.59348020e+00	1.15548875e+00	1.01621385e+00	1.39274902e-01	4.38469472e-01	1.93783859e-16	-1.54821789e-17	-3.64843120e-16	-1.97903739e-16	-1.66939381e-16
5.77            	3.20210540e+00	1.60105270e+00	1.60105270e+00	1.12450830e+00	7.80587882e-01	3.43920414e-01	2.18333734e-01	1.92782350e-16	-1.54140382e-17	-3.59201069e-16	-1.95014573e-16	-1.64186496e-16
5.78            	3.21417634e+00	1.60708817e+00	1.60708817e+00	1.05490384e+00	5.68144783e-01	4.86759054e-01	4.06928645e-02	1.90664386e-16	-1.54720505e-17	-3.48986340e-16	-1.89965221e-16	-1.59021119e-16
5.79            	3.21348026e+00	1.60674013e+00	1.60674013e+00	9.49388220e-01	7.02641665e-01	2.46746555e-01	2.27947555e-01	1.87727627e-16	-1.59153372e-17	-3.34292127e-16	-1.83061400e-16	-1.51230726e-16
5.8             	3.22514579e+00	1.61257290e+00	1.61257290e+00	8.11779914e-01	2.77714163e-01	5.34065751e-01	-1.28175794e-01	1.83532303e-16	-1.54478353e-17	-3.15352900e-16	-1.73124285e-16	-1.42228615e-16
5.81            	3.20746778e+00	1.60373389e+00	1.60373389e+00	6.25194972e-01	5.69603597e-01	5.55913748e-02	2.57006111e-01	1.76893961e-16	-1.35588818e-17	-2.83263152e-16	-1.55190458e-16	-1.28072694e-16
5.82            	3.19724420e+00	1.59862210e+00	1.59862210e+00	4.37238633e-01	7.24596285e-01	-2.87357652e-01	5.05976968e-01	1.72841474e-16	-1.30310387e-17	-2.58600053e-16	-1.42331065e-16	-1.16268988e-16
5.83            	3.19977779e+00	1.59988890e+00	1.59988890e+00	2.37401892e-01	3.15468007e-01	-7.80661146e-02	1.96767061e-01	1.68138285e-16	-1.15753187e-17	-2.32213771e-16	-1.27682204e-16	-1.04531567e-16
5.84            	3.18015194e+00	1.59007597e+00	1.59007597e+00	3.25382767e-02	6.24292765e-01	-5.91754488e-01	6.08023626e-01	1.63595299e-16	-1.09785409e-17	-2.04987553e-16	-1.13472317e-16	-9.15152355e-17
5.85            	3.18442544e+00	1.59221272e+00	1.59221272e+00	-1.70620724e-01	4.63202812e-02	-2.16941005e-01	1.31630643e-01	1.58266258e-16	-9.34751636e-18	-1.77915455e-16	-9.83052438e-17	-7.96102111e-17
5.86            	3.17788540e+00	1.58894270e+00	1.58894270e+00	-3.65357815e-01	-1.30106342e-01	-2.35251472e-01	5.25725651e-02	1.52963408e-16	-8.56324479e-18	-1.52087053e-16	-8.46067712e-17	-6.74802816e-17
5.87            	3.17162490e+00	1.58581245e+00	1.58581245e+00	-5.45456734e-01	-2.55102959e-01	-2.90353775e-01	1.76254079e-02	1.47521416e-16	-8.38328457e-18	-1.28575548e-16	-7.26710588e-17	-5.59044896e-17
5.88            	3.16711056e+00	1.58355528e+00	1.58355528e+00	-7.05072642e-01	-3.40904820e-01	-3.64167822e-01	1.16315007e-02	1.42023900e-16	-8.95881520e-18	-1.08404575e-16	-6.31611026e-17	-4.52434722e-17
5.89            	3.16489002e+00	1.58244501e+00	1.58244501e+00	-8.39180216e-01	-3.78995369e-01	-4.60184847e-01	4.05947389e-02	1.36608112e-16	-1.03948004e-17	-9.24360985e-17	-5.66128497e-17	-3.58232488e-17
5.9             	3.16884935e+00	1.58442467e+00	1.58442467e+00	-9.43336641e-01	-4.97363558e-01	-4.45973083e-01	-2.56952377e-02	1.31397903e-16	-1.25228490e-17	-8.13758341e-17	-5.32107660e-17	-2.81650681e-17
5.91            	3.22968581e+00	1.61484290e+00	1.61484290e+00	-9.81101584e-01	-7.81084001e-02	-9.02993184e-01	4.12442392e-01	1.36975128e-16	-1.62918245e-17	-9.46108570e-17	-6.35972530e-17	-3.10136040e-17
5.92            	3.27194362e+00	1.63597181e+00	1.63597181e+00	-9.56222982e-01	-5.23163361e-01	-4.33059622e-01	-4.50518696e-02	1.35876342e-16	-2.24142915e-17	-1.09427469e-16	-7.71280262e-17	-3.22994432e-17
5.93            	3.29873373e+00	1.64936686e+00	1.64936686e+00	-8.97303778e-01	-4.50495383e-01	-4.46808396e-01	-1.84349349e-03	1.35658187e-16	-2.91642845e-17	-1.27967693e-16	-9.31481310e-17	-3.48195620e-17
5.94            	3.31811767e+00	1.65905884e+00	1.65905884e+00	-8.08082948e-01	-2.76147832e-01	-5.31935116e-01	1.27893642e-01	1.36278458e-16	-3.52706655e-17	-1.48791975e-16	-1.09666653e-16	-3.91253220e-17
5.95            	3.32298267e+00	1.66149134e+00	1.66149134e+00	-6.93549532e-01	1.19100277e-01	-8.12649809e-01	4.65875043e-01	1.37889545e-16	-4.02557827e-17	-1.70382379e-16	-1.25446972e-16	-4.49354066e-17
5.96            	3.32930786e+00	1.66465393e+00	1.66465393e+00	-5.59309162e-01	1.37734994e-01	-6.97044156e-01	4.17389575e-01	1.40181045e-16	-4.29511781e-17	-1.91536759e-16	-1.38719558e-16	-5.28172015e-17
5.97            	3.32865578e+00	1.66432789e+00	1.66432789e+00	-4.11724377e-01	9.47339237e-02	-5.06458301e-01	3.00596112e-01	1.43205858e-16	-4.36556937e-17	-2.11246141e-16	-1.49278764e-16	-6.19673770e-17
5.98            	3.32257629e+00	1.66128815e+00	1.66128815e+00	-2.57530180e-01	-1.60491186e-02	-2.41481061e-01	1.12715971e-01	1.46681091e-16	-4.25465744e-17	-2.28819673e-16	-1.56956411e-16	-7.18632621e-17
5.99            	3.30798331e+00	1.65399165e+00	1.65399165e+00	-1.02389261e-01	6.74203841e-02	-1.69809645e-01	1.18615015e-01	1.50532630e-16	-4.04302453e-17	-2.44235024e-16	-1.62547757e-16	-8.16872668e-17
6               	3.30435338e+00	1.65217669e+00	1.65217669e+00	4.76374865e-02	-2.35639296e-01	2.83276782e-01	-2.59458039e-01	1.54074022e-16	-3.71531002e-17	-2.57564756e-16	-1.65935478e-16	-9.16292776e-17
6.01            	3.22234248e+00	1.61117124e+00	1.61117124e+00	1.35668607e-01	4.36572975e-01	-3.00904368e-01	3.68738671e-01	1.51535063e-16	-3.38163706e-17	-2.60379080e-16	-1.64005911e-16	-9.63731694e-17
6.02            	3.21065996e+00	1.60532998e+00	1.60532998e+00	3.02795275e-01	5.61276708e-01	-2.58481433e-01	4.09879070e-01	1.57675375e-16	-3.10053083e-17	-2.77827954e-16	-1.69919285e-16	-1.07908669e-16
6.03            	3.21028424e+00	1.60514212e+00	1.60514212e+00	4.57307027e-01	3.03109990e-01	1.54197037e-01	7.44564765e-02	1.63262746e-16	-2.75091603e-17	-2.92810367e-16	-1.73914344e-16	-1.18896023e-16
6.04            	3.19461113e+00	1.59730556e+00	1.59730556e+00	5.93362282e-01	6.62668069e-01	-6.93057868e-02	3.65986928e-01	1.68540756e-16	-2.49687808e-17	-3.05010001e-16	-1.77473781e-16	-1.27536220e-16
6.05            	3.19338571e+00	1.59669286e+00	1.59669286e+00	7.05697642e-01	6.14503096e-01	9.11945458e-02	2.61654275e-01	1.72599180e-16	-2.23411024e-17	-3.14177062e-16	-1.79429633e-16	-1.34747428e-16
6.06            	3.18908640e+00	1.59454320e+00	1.59454320e+00	7.90183825e-01	8.05175417e-01	-1.49915919e-02	4.10083504e-01	1.75642731e-16	-2.06494932e-17	-3.20148893e-16	-1.80723940e-16	-1.39424953e-16
6.07            	3.19396565e+00	1.59698283e+00	1.59698283e+00	8.43630680e-01	7.94205141e-01	4.94255385e-02	3.72389801e-01	1.77322946e-16	-1.93930672e-17	-3.22786488e-16	-1.80786311e-16	-1.42000177e-16
6.08            	3.20033347e+00	1.60016674e+00	1.60016674e+00	8.64246150e-01	8.31217386e-01	3.30287639e-02	3.99094311e-01	1.77829925e-16	-1.88428288e-17	-3.22020452e-16	-1.79853055e-16	-1.42167397e-16
6.09            	3.21332721e+00	1.60666361e+00	1.60666361e+00	8.51410870e-01	6.88375069e-01	1.63035801e-01	2.62669634e-01	1.77151667e-16	-1.85547938e-17	-3.17816401e-16	-1.77462994e-16	-1.40353407e-16
6.1             	3.22020590e+00	1.61010295e+00	1.61010295e+00	8.05848177e-01	7.64601237e-01	4.12469398e-02	3.61677149e-01	1.75724306e-16	-1.88275074e-17	-3.10203622e-16	-1.73929318e-16	-1.36274304e-16
6.11            	3.24460440e+00	1.62230220e+00	1.62230220e+00	7.58936399e-01	5.22794187e-01	2.36142211e-01	1.43325988e-01	1.71462104e-16	-2.08693623e-17	-3.05405481e-16	-1.73572103e-16	-1.31833378e-16
6.12            	3.24523037e+00	1.62261519e+00	1.62261519e+00	6.56995475e-01	6.00254188e-01	5.67412874e-02	2.71756450e-01	1.69831675e-16	-1.96720113e-17	-2.90399707e-16	-1.64871865e-16	-1.25527842e-16
6.13            	3.24738858e+00	1.62369429e+00	1.62369429e+00	5.30752044e-01	4.58961647e-01	7.17903971e-02	1.93585625e-01	1.68280474e-16	-1.75367320e-17	-2.72389482e-16	-1.53731473e-16	-1.18658009e-16
6.14            	3.24445025e+00	1.62222512e+00	1.62222512e+00	3.85275783e-01	3.29877552e-01	5.53982318e-02	1.37239660e-01	1.67027771e-16	-1.48333333e-17	-2.52027391e-16	-1.40847029e-16	-1.11180362e-16
6.15            	3.22919989e+00	1.61459995e+00	1.61459995e+00	2.26003665e-01	4.89084953e-01	-2.63081288e-01	3.76083121e-01	1.66189344e-16	-1.21272672e-17	-2.30096869e-16	-1.27175702e-16	-1.02921167e-16
6.16            	3.22193584e+00	1.61096792e+00	1.61096792e+00	5.85159717e-02	2.52029138e-01	-1.93513167e-01	2.22771152e-01	1.65184892e-16	-8.85302681e-18	-2.07474313e-16	-1.12590183e-16	-9.48841296e-17
6.17            	3.21134847e+00	1.60567423e+00	1.60567423e+00	-1.11634347e-01	8.23991906e-02	-1.94033538e-01	1.38216364e-01	1.64045513e-16	-6.00247930e-18	-1.85086720e-16	-9.85458393e-17	-8.65408807e-17
6.18            	3.19313697e+00	1.59656848e+00	1.59656848e+00	-2.79005954e-01	2.03621836e-01	-4.82627790e-01	3.43124813e-01	1.62625906e-16	-4.27169376e-18	-1.63860787e-16	-8.62020871e-17	-7.76586996e-17
6.19            	3.18547941e+00	1.59273971e+00	1.59273971e+00	-4.38388615e-01	3.61479203e-02	-4.74536535e-01	2.55342228e-01	1.60323263e-16	-3.26314233e-18	-1.44652803e-16	-7.55895440e-17	-6.90632594e-17
6.2             	3.17325654e+00	1.58662827e+00	1.58662827e+00	-5.84842880e-01	1.81533501e-01	-7.66376381e-01	4.73954941e-01	1.57330088e-16	-3.99442313e-18	-1.28194287e-16	-6.80915665e-17	-6.01027202e-17
6.21            	3.17046689e+00	1.58523344e+00	1.58523344e+00	-7.13830095e-01	1.81029747e-01	-8.94859842e-01	5.37944795e-01	1.53325464e-16	-5.95514914e-18	-1.15052462e-16	-6.34813803e-17	-5.15710820e-17
6.22            	3.18333151e+00	1.59166576e+00	1.59166576e+00	-8.21263905e-01	-1.73658001e-01	-6.47605903e-01	2.36973951e-01	1.48292632e-16	-8.77780645e-18	-1.05602739e-16	-6.15791762e-17	-4.40235633e-17
6.23            	3.19903461e+00	1.59951731e+00	1.59951731e+00	-9.03671926e-01	-4.40213002e-01	-4.63458924e-01	1.16229612e-02	1.42761446e-16	-1.27687695e-17	-1.00036173e-16	-6.27868559e-17	-3.72493170e-17
6.24            	3.21879227e+00	1.60939613e+00	1.60939613e+00	-9.58204114e-01	-7.08402105e-01	-2.49802009e-01	-2.29300048e-01	1.37075022e-16	-1.74049484e-17	-9.83819432e-17	-6.65959200e-17	-3.17860232e-17
6.25            	3.22190355e+00	1.61095178e+00	1.61095178e+00	-9.82750633e-01	-3.05457252e-01	-6.77293382e-01	1.85918065e-01	1.32127590e-16	-2.30705751e-17	-1.00549544e-16	-7.33453468e-17	-2.72041967e-17
6.26            	3.24491736e+00	1.62245868e+00	1.62245868e+00	-9.75940826e-01	-6.17187142e-01	-3.58753684e-01	-1.29216729e-01	1.27602780e-16	-2.74659780e-17	-1.06364314e-16	-8.06481351e-17	-2.57161792e-17
6.27            	3.25611785e+00	1.62805892e+00	1.62805892e+00	-9.37219251e-01	-5.83702787e-01	-3.53516464e-01	-1.15093162e-01	1.24624325e-16	-3.15084150e-17	-1.15592983e-16	-8.93049066e-17	-2.62880765e-17
6.28            	3.26731421e+00	1.63365710e+00	1.63365710e+00	-8.66889261e-01	-6.85091087e-01	-1.81798173e-01	-2.51646457e-01	1.23285343e-16	-3.42306235e-17	-1.27963399e-16	-9.82123232e-17	-2.97510763e-17
6.29            	3.25995575e+00	1.62997787e+00	1.62997787e+00	-7.66182930e-01	-2.88970053e-01	-4.77212877e-01	9.41214122e-02	1.24200173e-16	-3.62566357e-17	-1.43171841e-16	-1.07842556e-16	-3.53292846e-17
6.3             	3.25351284e+00	1.62675642e+00	1.62675642e+00	-6.37429851e-01	-9.23501327e-02	-5.45079718e-01	2.26364793e-01	1.26995786e-16	-3.66555055e-17	-1.60859985e-16	-1.17085498e-16	-4.37744868e-17
6.31            	3.24030554e+00	1.62015277e+00	1.62015277e+00	-4.61247532e-01	-2.67252271e-03	-4.58575009e-01	2.27951243e-01	1.33339489e-16	-3.50315660e-17	-1.85014144e-16	-1.27538638e-16	-5.74755058e-17
6.32            	3.22992890e+00	1.61496445e+00	1.61496445e+00	-2.88154000e-01	2.66145839e-01	-5.54299839e-01	4.10222839e-01	1.39635100e-16	-3.42893147e-17	-2.08206498e-16	-1.38392564e-16	-6.98139345e-17
6.33            	3.22491593e+00	1.61245797e+00	1.61245797e+00	-1.02913313e-01	2.42472660e-01	-3.45385973e-01	2.93929317e-01	1.46821811e-16	-3.23462740e-17	-2.31900835e-16	-1.48296691e-16	-8.36041435e-17
6.34            	3.20994718e+00	1.60497359e+00	1.60497359e+00	8.80129615e-02	5.04872314e-01	-4.16859353e-01	4.60865833e-01	1.54802096e-16	-3.01740754e-17	-2.55286612e-16	-1.57817381e-16	-9.74692306e-17
6.35            	3.21089403e+00	1.60544701e+00	1.60544701e+00	2.77601795e-01	1.69184083e-01	1.08417711e-01	3.03831860e-02	1.62536191e-16	-2.69054138e-17	-2.77565085e-16	-1.65687956e-16	-1.11877129e-16
6.36            	3.19219463e+00	1.59609732e+00	1.59609732e+00	4.58638093e-01	5.54863767e-01	-9.62256742e-02	3.25544721e-01	1.70301672e-16	-2.45549704e-17	-2.97991514e-16	-1.73550727e-16	-1.24440786e-16
6.37            	3.18992743e+00	1.59496372e+00	1.59496372e+00	6.24058733e-01	4.17940475e-01	2.06118258e-01	1.05911109e-01	1.76868656e-16	-2.17978681e-17	-3.15883947e-16	-1.79739841e-16	-1.36144105e-16
6.38            	3.18076849e+00	1.59038424e+00	1.59038424e+00	7.67323482e-01	6.31793880e-01	1.35529603e-01	2.48132139e-01	1.82369004e-16	-1.99965305e-17	-3.30641453e-16	-1.85317257e-16	-1.45324196e-16
6.39            	3.17946773e+00	1.58973386e+00	1.58973386e+00	8.82892549e-01	6.92518682e-01	1.90373867e-01	2.51072407e-01	1.86235728e-16	-1.86341533e-17	-3.41767534e-16	-1.89517920e-16	-1.52249614e-16
6.4             	3.18211374e+00	1.59105687e+00	1.59105687e+00	9.66325356e-01	7.43370750e-01	2.22954606e-01	2.60208072e-01	1.88437471e-16	-1.79202663e-17	-3.48857712e-16	-1.92349122e-16	-1.56508590e-16
6.41            	3.18069050e+00	1.59034525e+00	1.59034525e+00	1.04773955e+00	8.78521956e-01	1.69217590e-01	3.54652183e-01	1.89845265e-16	-1.72366616e-17	-3.56290219e-16	-1.95381771e-16	-1.60908448e-16
6.42            	3.18598020e+00	1.59299010e+00	1.59299010e+00	1.05469645e+00	8.46813677e-01	2.07882771e-01	3.19465453e-01	1.88724658e-16	-1.65714829e-17	-3.51619197e-16	-1.92381082e-16	-1.59238116e-16
6.43            	3.19101098e+00	1.59550549e+00	1.59550549e+00	1.02036270e+00	8.72841315e-01	1.47521385e-01	3.62659965e-01	1.86171085e-16	-1.65509748e-17	-3.42263745e-16	-1.87682847e-16	-1.54580898e-16
6.44            	3.20130245e+00	1.60065123e+00	1.60065123e+00	9.44810724e-01	7.17497066e-01	2.27313658e-01	2.45091704e-01	1.82151993e-16	-1.67447491e-17	-3.28285640e-16	-1.80887569e-16	-1.47398071e-16
6.45            	3.20846143e+00	1.60423072e+00	1.60423072e+00	8.29551936e-01	6.42509034e-01	1.87042902e-01	2.27733066e-01	1.76962274e-16	-1.73411429e-17	-3.09822740e-16	-1.72252513e-16	-1.37570227e-16
6.46            	3.22243387e+00	1.61121694e+00	1.61121694e+00	6.77520119e-01	2.62011584e-01	4.15508536e-01	-7.67484760e-02	1.70525039e-16	-1.76790713e-17	-2.87107846e-16	-1.61232994e-16	-1.25874852e-16
6.47            	3.23212374e+00	1.61606187e+00	1.61606187e+00	4.92978609e-01	-4.74096135e-02	5.40388223e-01	-2.93898918e-01	1.63240705e-16	-1.80925990e-17	-2.60495370e-16	-1.48340284e-16	-1.12155086e-16
6.48            	3.23520207e+00	1.61760104e+00	1.61760104e+00	2.81208619e-01	-2.14175568e-01	4.95384187e-01	-3.54779877e-01	1.55333754e-16	-1.85439089e-17	-2.30460734e-16	-1.33774276e-16	-9.66864578e-17
6.49            	3.23325716e+00	1.61662858e+00	1.61662858e+00	4.82802233e-02	-2.99387536e-01	3.47667759e-01	-3.23527648e-01	1.46951160e-16	-1.88635116e-17	-1.97618906e-16	-1.17672964e-16	-7.99459413e-17
6.5             	3.22990430e+00	1.61495215e+00	1.61495215e+00	-1.99142296e-01	-4.28564529e-01	2.29422232e-01	-3.28993381e-01	1.38196431e-16	-1.88553389e-17	-1.62741080e-16	-1.00225879e-16	-6.25152013e-17
6.51            	3.28888111e+00	1.64444056e+00	1.64444056e+00	-5.53944793e-01	-3.93613352e-01	-1.60331441e-01	-1.16640956e-01	1.31703401e-16	-1.75231236e-17	-1.17930093e-16	-7.64881700e-17	-4.14419228e-17
6.52            	3.28173139e+00	1.64086570e+00	1.64086570e+00	-7.58468178e-01	-4.67688118e-01	-2.90780060e-01	-8.84540293e-02	1.28831703e-16	-1.45936790e-17	-9.06366330e-17	-5.99119955e-17	-3.07246375e-17
6.53            	3.28062132e+00	1.64031066e+00	1.64031066e+00	-9.38626664e-01	-6.73041161e-01	-2.65585503e-01	-2.03727829e-01	1.26931837e-16	-1.21107501e-17	-6.85004806e-17	-4.63609904e-17	-2.21394902e-17
6.54            	3.27211509e+00	1.63605755e+00	1.63605755e+00	-1.08728746e+00	-4.43784779e-01	-6.43502678e-01	9.98589499e-02	1.26287142e-16	-1.12307639e-17	-5.28727079e-17	-3.76671178e-17	-1.52055901e-17
6.55            	3.27507044e+00	1.63753522e+00	1.63753522e+00	-1.19889964e+00	-4.24310673e-01	-7.74588968e-01	1.75139147e-01	1.26348633e-16	-1.14081103e-17	-4.45418910e-17	-3.36790558e-17	-1.08628352e-17
6.56            	3.28131260e+00	1.64065630e+00	1.64065630e+00	-1.26935060e+00	-3.10442728e-01	-9.58907871e-01	3.24232572e-01	1.27133613e-16	-1.31898551e-17	-4.38719091e-17	-3.51258097e-17	-8.74609945e-18
6.57            	3.28404744e+00	1.64202372e+00	1.64202372e+00	-1.29578102e+00	1.61842697e-01	-1.45762372e+00	8.09733207e-01	1.28723859e-16	-1.69059910e-17	-5.08871439e-17	-4.23495629e-17	-8.53758100e-18
6.58            	3.30867295e+00	1.65433648e+00	1.65433648e+00	-1.27697852e+00	3.92620329e-02	-1.31624055e+00	6.77751292e-01	1.30495392e-16	-2.10968801e-17	-6.50985536e-17	-5.36461569e-17	-1.14523966e-17
6.59            	3.33599338e+00	1.66799669e+00	1.66799669e+00	-1.21376409e+00	-4.89537594e-02	-1.16481033e+00	5.57928285e-01	1.32864748e-16	-2.61958680e-17	-8.56701470e-17	-6.90309415e-17	-1.66392055e-17
6.6             	3.36114662e+00	1.68057331e+00	1.68057331e+00	-1.10862277e+00	-2.07030946e-02	-1.08791968e+00	5.33608291e-01	1.35967936e-16	-3.17808306e-17	-1.11436801e-16	-8.74992312e-17	-2.39375701e-17
6.61            	3.38632336e+00	1.69316168e+00	1.69316168e+00	-9.65574097e-01	-7.29996019e-02	-8.92574495e-01	4.09787447e-01	1.39772163e-16	-3.69977766e-17	-1.40995824e-16	-1.07495689e-16	-3.35001355e-17
6.62            	3.40244798e+00	1.70122399e+00	1.70122399e+00	-7.90412769e-01	4.28500931e-02	-8.33262863e-01	4.38056478e-01	1.44501708e-16	-4.16150811e-17	-1.72866275e-16	-1.28048219e-16	-4.48180563e-17
6.63            	3.42082409e+00	1.71041204e+00	1.71041204e+00	-5.90068564e-01	-1.66252002e-01	-4.23816561e-01	1.28782280e-01	1.49803138e-16	-4.45318092e-17	-2.05471641e-16	-1.47267630e-16	-5.82040115e-17
6.64            	3.41924140e+00	1.70962070e+00	1.70962070e+00	-3.71944285e-01	6.41853653e-02	-4.36129650e-01	2.50157508e-01	1.56010088e-16	-4.64825835e-17	-2.37474962e-16	-1.65220065e-16	-7.22548976e-17
6.65            	3.41783716e+00	1.70891858e+00	1.70891858e+00	-1.43998328e-01	7.01736264e-02	-2.14171954e-01	1.42172790e-01	1.62555441e-16	-4.65863805e-17	-2.67855722e-16	-1.80514242e-16	-8.73414807e-17
6.66            	3.40640687e+00	1.70320344e+00	1.70320344e+00	8.58571141e-02	2.49612449e-01	-1.63755335e-01	2.06683892e-01	1.69378667e-16	-4.55279354e-17	-2.95779777e-16	-1.93417824e-16	-1.02361953e-16
6.67            	3.39212879e+00	1.69606439e+00	1.69606439e+00	3.09779467e-01	4.38427728e-01	-1.28648261e-01	2.83537994e-01	1.76096069e-16	-4.34568725e-17	-3.20803809e-16	-2.03858777e-16	-1.16945032e-16
6.68            	3.38073192e+00	1.69036596e+00	1.69036596e+00	5.20389744e-01	5.41717747e-01	-2.13280035e-02	2.81522875e-01	1.82390668e-16	-4.07086209e-17	-3.42748566e-16	-2.12082904e-16	-1.30665662e-16
6.69            	3.37440798e+00	1.68720399e+00	1.68720399e+00	7.10763114e-01	5.32435194e-01	1.78327919e-01	1.77053637e-01	1.87925779e-16	-3.77183333e-17	-3.61439958e-16	-2.18438312e-16	-1.43001646e-16
6.7             	3.37908808e+00	1.68954404e+00	1.68954404e+00	8.74052182e-01	2.56646368e-01	6.17405815e-01	-1.80379723e-01	1.92316626e-16	-3.47291412e-17	-3.76705697e-16	-2.23081990e-16	-1.53623707e-16
6.71            	3.38164225e+00	1.69082113e+00	1.69082113e+00	1.00464823e+00	2.29508893e-01	7.75139334e-01	-2.72815221e-01	1.95629750e-16	-3.27550852e-17	-3.88361465e-16	-2.26935818e-16	-1.61425647e-16
6.72            	3.38049221e+00	1.69024610e+00	1.69024610e+00	1.09778234e+00	5.11772350e-01	5.86009994e-01	-3.71188217e-02	1.97659754e-16	-3.20930889e-17	-3.96061618e-16	-2.30123898e-16	-1.65937720e-16
6.73            	3.40416418e+00	1.70208209e+00	1.70208209e+00	1.14961562e+00	7.43121775e-02	1.07530344e+00	-5.00495633e-01	1.97623941e-16	-3.14701434e-17	-3.99345828e-16	-2.31143057e-16	-1.68202771e-16
6.74            	3.41534449e+00	1.70767224e+00	1.70767224e+00	1.15818860e+00	2.26964340e-01	9.31224257e-01	-3.52129958e-01	1.96281089e-16	-3.24805430e-17	-3.97790594e-16	-2.31375840e-16	-1.66414754e-16
6.75            	3.42231598e+00	1.71115799e+00	1.71115799e+00	1.12242347e+00	6.22865712e-01	4.99557759e-01	6.16539762e-02	1.93497169e-16	-3.44253998e-17	-3.90943179e-16	-2.29896989e-16	-1.61046190e-16
6.76            	3.44623959e+00	1.72311979e+00	1.72311979e+00	1.04286745e+00	4.34329786e-01	6.08537667e-01	-8.71039405e-02	1.88991006e-16	-3.58498598e-17	-3.78458511e-16	-2.25079116e-16	-1.53379396e-16
6.77            	3.46888357e+00	1.73444179e+00	1.73444179e+00	9.21872525e-01	2.32917789e-01	6.88954736e-01	-2.28018473e-01	1.83433544e-16	-3.70579880e-17	-3.60232279e-16	-2.17174128e-16	-1.43058152e-16
6.78            	3.48028712e+00	1.74014356e+00	1.74014356e+00	7.62422792e-01	2.83976336e-01	4.78446457e-01	-9.72350603e-02	1.77317509e-16	-3.79794639e-17	-3.36305757e-16	-2.06132342e-16	-1.30173414e-16
6.79            	3.49260207e+00	1.74630103e+00	1.74630103e+00	5.69470715e-01	1.03040418e-01	4.66430297e-01	-1.81694939e-01	1.70733592e-16	-3.76700458e-17	-3.07150624e-16	-1.91245358e-16	-1.15905266e-16
6.8             	3.49209448e+00	1.74604724e+00	1.74604724e+00	3.49258215e-01	1.65483957e-01	1.83774259e-01	-9.14515099e-03	1.64307523e-16	-3.66006943e-17	-2.73631304e-16	-1.73416346e-16	-1.00214958e-16
6.81            	3.49702151e+00	1.74851076e+00	1.74851076e+00	1.09037979e-01	-1.85827978e-01	2.94865958e-01	-2.40346968e-01	1.57890457e-16	-3.39578493e-17	-2.36933003e-16	-1.52424351e-16	-8.45086523e-17
6.82            	3.48815668e+00	1.74407834e+00	1.74407834e+00	-1.42212012e-01	-1.97957204e-01	5.57451924e-02	-1.26851198e-01	1.52194114e-16	-3.09490471e-17	-1.98761782e-16	-1.30329938e-16	-6.84318437e-17
6.83            	3.48350992e+00	1.74175496e+00	1.74175496e+00	-3.95474809e-01	-4.36244465e-01	4.07696555e-02	-2.38507060e-01	1.47061503e-16	-2.72106879e-17	-1.60994435e-16	-1.07707905e-16	-5.32865296e-17
6.84            	3.47430725e+00	1.73715363e+00	1.73715363e+00	-6.40996086e-01	-5.35577784e-01	-1.05418302e-01	-2.15079741e-01	1.42835033e-16	-2.36443305e-17	-1.25611810e-16	-8.64502353e-17	-3.91615743e-17
6.85            	3.46563117e+00	1.73281559e+00	1.73281559e+00	-8.69223711e-01	-5.89972311e-01	-2.79251400e-01	-1.55360456e-01	1.39586538e-16	-2.05902717e-17	-9.46367295e-17	-6.79086365e-17	-2.67280931e-17
6.86            	3.45695090e+00	1.72847545e+00	1.72847545e+00	-1.07177558e+00	-5.47845208e-01	-5.23930375e-01	-1.19574164e-02	1.37348813e-16	-1.85175845e-17	-6.96867747e-17	-5.33609718e-17	-1.63258029e-17
6.87            	3.44412924e+00	1.72206462e+00	1.72206462e+00	-1.24069820e+00	-2.28931067e-01	-1.01176714e+00	3.91418034e-01	1.36218191e-16	-1.79762008e-17	-5.21061165e-17	-4.40292590e-17	-8.07685745e-18
6.88            	3.44909313e+00	1.72454657e+00	1.72454657e+00	-1.36937420e+00	-3.78964690e-01	-9.90409506e-01	3.05722408e-01	1.35699023e-16	-1.82187119e-17	-4.28196558e-17	-3.96285398e-17	-3.19111603e-18
6.89            	3.45384860e+00	1.72692430e+00	1.72692430e+00	-1.45248097e+00	-3.83898830e-01	-1.06858214e+00	3.42341657e-01	1.36021563e-16	-2.00961672e-17	-4.21284447e-17	-4.11603896e-17	-9.68055178e-19
6.9             	3.46655813e+00	1.73327907e+00	1.73327907e+00	-1.48609345e+00	-5.10335553e-01	-9.75757899e-01	2.32711173e-01	1.37000261e-16	-2.31904147e-17	-5.00299384e-17	-4.82053839e-17	-1.82455452e-18
6.91            	3.27756290e+00	1.63878145e+00	1.63878145e+00	-1.89519208e+00	-1.26446390e+00	-6.30728182e-01	-3.16867858e-01	8.63415947e-17	-2.26865251e-17	5.38851623e-17	4.25605605e-18	4.96291062e-17
6.92            	3.29023298e+00	1.64511649e+00	1.64511649e+00	-1.98378591e+00	-1.79432006e+00	-1.89465849e-01	-8.02427105e-01	8.11203941e-17	-2.41633079e-17	6.25028432e-17	7.08811372e-18	5.54147295e-17
6.93            	3.27352495e+00	1.63676248e+00	1.63676248e+00	-2.02617752e+00	-1.18005662e+00	-8.46120903e-01	-1.66967858e-01	7.79250317e-17	-2.76366256e-17	6.37774502e-17	4.25209949e-18	5.95253507e-17
6.94            	3.27105239e+00	1.63552619e+00	1.63552619e+00	-2.02145310e+00	-1.00740297e+00	-1.01405013e+00	3.32357679e-03	7.59778803e-17	-3.08643504e-17	5.77879597e-17	-1.97037055e-18	5.97583303e-17
6.95            	3.27651383e+00	1.63825691e+00	1.63825691e+00	-1.96999448e+00	-1.08200036e+00	-8.87994116e-01	-9.70031234e-02	7.55444807e-17	-3.38595476e-17	4.48974967e-17	-1.14107992e-17	5.63082959e-17
6.96            	3.27858973e+00	1.63929487e+00	1.63929487e+00	-1.87364417e+00	-1.03068298e+00	-8.42961191e-01	-9.38608936e-02	7.69431318e-17	-3.68419296e-17	2.57499009e-17	-2.39669791e-17	4.97168800e-17
6.97            	3.29485449e+00	1.64742725e+00	1.64742725e+00	-1.73568496e+00	-1.51153041e+00	-2.24154556e-01	-6.43687925e-01	7.98031303e-17	-3.86962153e-17	1.22777797e-18	-3.80823263e-17	3.93101043e-17
6.98            	3.29033073e+00	1.64516536e+00	1.64516536e+00	-1.56057235e+00	-1.29874809e+00	-2.61824259e-01	-5.18461917e-01	8.48228360e-17	-4.07748074e-17	-2.76342046e-17	-5.45919097e-17	2.69577051e-17
6.99            	3.27865597e+00	1.63932798e+00	1.63932798e+00	-1.35407288e+00	-8.99108562e-01	-4.54964314e-01	-2.22072124e-01	9.15685079e-17	-4.22368679e-17	-5.96645811e-17	-7.20691584e-17	1.24045773e-17
7               	3.27080806e+00	1.63540403e+00	1.63540403e+00	-1.12290336e+00	-7.15774682e-01	-4.07128679e-01	-1.54323002e-01	9.95883083e-17	-4.24480245e-17	-9.36449749e-17	-8.92705119e-17	-4.37446297e-18
7.01            	3.43251503e+00	1.71625752e+00	1.71625752e+00	1.01070251e-01	3.12816541e-01	-2.11746290e-01	2.62281415e-01	1.72956572e-16	-4.69813476e-17	-3.08063628e-16	-2.01013162e-16	-1.07050466e-16
7.02            	3.42242678e+00	1.71121339e+00	1.71121339e+00	3.82423173e-01	-3.43693378e-02	4.16792510e-01	-2.25580924e-01	1.82553689e-16	-4.19943637e-17	-3.38586505e-16	-2.11287616e-16	-1.27298889e-16
7.03            	3.39241136e+00	1.69620568e+00	1.69620568e+00	6.50992080e-01	4.08192221e-01	2.42799859e-01	8.26961814e-02	1.92208390e-16	-3.78040645e-17	-3.66348489e-16	-2.20978309e-16	-1.45370180e-16
7.04            	3.37188518e+00	1.68594259e+00	1.68594259e+00	8.97796782e-01	7.14465741e-01	1.83331040e-01	2.65567351e-01	2.00899527e-16	-3.38805346e-17	-3.91228120e-16	-2.29494595e-16	-1.61733526e-16
7.05            	3.36574864e+00	1.68287432e+00	1.68287432e+00	1.11453393e+00	7.53944597e-01	3.60589331e-01	1.96677633e-01	2.08061395e-16	-3.05901836e-17	-4.12911639e-16	-2.37046003e-16	-1.75865636e-16
7.06            	3.36570858e+00	1.68285429e+00	1.68285429e+00	1.29381870e+00	8.51398235e-01	4.42420469e-01	2.04488883e-01	2.13508677e-16	-2.87093527e-17	-4.30977027e-16	-2.44197866e-16	-1.86779161e-16
7.07            	3.37953700e+00	1.68976850e+00	1.68976850e+00	1.42943647e+00	7.27475432e-01	7.01961040e-01	1.27571959e-02	2.16845131e-16	-2.79777923e-17	-4.44828258e-16	-2.50391921e-16	-1.94436337e-16
7.08            	3.39670428e+00	1.69835214e+00	1.69835214e+00	1.51677967e+00	6.93649519e-01	8.23130156e-01	-6.47403186e-02	2.18151214e-16	-2.86407300e-17	-4.53676164e-16	-2.55478812e-16	-1.98197352e-16
7.09            	3.41831630e+00	1.70915815e+00	1.70915815e+00	1.55286487e+00	6.21707580e-01	9.31157290e-01	-1.54724855e-01	2.17408847e-16	-3.01530546e-17	-4.56673655e-16	-2.58489882e-16	-1.98183773e-16
7.1             	3.43590324e+00	1.71795162e+00	1.71795162e+00	1.53636406e+00	6.97459044e-01	8.38905014e-01	-7.07229850e-02	2.14928163e-16	-3.22092563e-17	-4.52981290e-16	-2.58699901e-16	-1.94281389e-16
7.11            	3.27778569e+00	1.63889284e+00	1.63889284e+00	1.67886817e+00	1.38295038e+00	2.95917791e-01	5.43516296e-01	2.31658006e-16	-1.26582535e-17	-4.53205933e-16	-2.39261220e-16	-2.13944713e-16
7.12            	3.28550463e+00	1.64275232e+00	1.64275232e+00	1.62921571e+00	1.31043928e+00	3.18776424e-01	4.95831429e-01	2.29066273e-16	-1.26090211e-17	-4.42632064e-16	-2.33925053e-16	-2.08707011e-16
7.13            	3.28739843e+00	1.64369922e+00	1.64369922e+00	1.53045179e+00	1.39791254e+00	1.32539256e-01	6.32686640e-01	2.24791954e-16	-1.31843595e-17	-4.26189038e-16	-2.26278878e-16	-1.99910159e-16
7.14            	3.30398037e+00	1.65199019e+00	1.65199019e+00	1.38549539e+00	8.80977450e-01	5.04517943e-01	1.88229753e-01	2.18541499e-16	-1.32294136e-17	-4.04120437e-16	-2.15289632e-16	-1.88830805e-16
7.15            	3.29616849e+00	1.64808424e+00	1.64808424e+00	1.19879625e+00	1.13455836e+00	6.42378916e-02	5.35160232e-01	2.11341364e-16	-1.43638171e-17	-3.76823574e-16	-2.02775604e-16	-1.74047970e-16
7.16            	3.30819556e+00	1.65409778e+00	1.65409778e+00	9.75805590e-01	5.63112040e-01	4.12693550e-01	7.52092449e-02	2.02427559e-16	-1.43851562e-17	-3.44810977e-16	-1.86790645e-16	-1.58020332e-16
7.17            	3.29907339e+00	1.64953669e+00	1.64953669e+00	7.23204241e-01	6.30400416e-01	9.28038252e-02	2.68798295e-01	1.92894939e-16	-1.51006168e-17	-3.08796693e-16	-1.69498963e-16	-1.39297730e-16
7.18            	3.30275672e+00	1.65137836e+00	1.65137836e+00	4.48291914e-01	1.31669493e-01	3.16622421e-01	-9.24764642e-02	1.82216281e-16	-1.49215358e-17	-2.69640144e-16	-1.49741608e-16	-1.19898536e-16
7.19            	3.29026129e+00	1.64513064e+00	1.64513064e+00	1.59065940e-01	1.25634716e-01	3.34312237e-02	4.61017462e-02	1.71226854e-16	-1.52595284e-17	-2.28389126e-16	-1.29454092e-16	-9.89350348e-17
7.2             	3.29499618e+00	1.64749809e+00	1.64749809e+00	-1.36339588e-01	-5.50122458e-01	4.13782870e-01	-4.81952664e-01	1.59405738e-16	-1.47120294e-17	-1.86206238e-16	-1.07815149e-16	-7.83910897e-17
7.21            	3.30314761e+00	1.65157381e+00	1.65157381e+00	-4.27947146e-01	-1.41303193e-01	-2.86643954e-01	7.26703805e-02	1.62155706e-16	-1.01329222e-17	-1.53295242e-16	-8.67805434e-17	-6.65146990e-17
7.22            	3.30699110e+00	1.65349555e+00	1.65349555e+00	-6.53958470e-01	-5.48019292e-01	-1.05939178e-01	-2.21040057e-01	1.54618415e-16	-1.04161683e-17	-1.24454372e-16	-7.26433541e-17	-5.18110175e-17
7.23            	3.30501327e+00	1.65250663e+00	1.65250663e+00	-8.54708818e-01	-5.57172902e-01	-2.97535916e-01	-1.29818493e-01	1.47219670e-16	-1.24838380e-17	-1.00510888e-16	-6.27392822e-17	-3.77716063e-17
7.24            	3.31233375e+00	1.65616688e+00	1.65616688e+00	-1.02418413e+00	-7.02865229e-01	-3.21318904e-01	-1.90773162e-01	1.39800223e-16	-1.55967410e-17	-8.21964091e-17	-5.66949456e-17	-2.55014635e-17
7.25            	3.33005990e+00	1.66502995e+00	1.66502995e+00	-1.15745408e+00	-1.04512312e+00	-1.12330961e-01	-4.66396079e-01	1.32571047e-16	-1.94733783e-17	-6.99453853e-17	-5.44460709e-17	-1.54993144e-17
7.26            	3.33682684e+00	1.66841342e+00	1.66841342e+00	-1.25076553e+00	-8.63782296e-01	-3.86983239e-01	-2.38399529e-01	1.26285513e-16	-2.47101806e-17	-6.39054654e-17	-5.66629133e-17	-7.24255209e-18
7.27            	3.34774414e+00	1.67387207e+00	1.67387207e+00	-1.30160515e+00	-7.60492790e-01	-5.41112362e-01	-1.09690214e-01	1.20943634e-16	-3.01059236e-17	-6.39783038e-17	-6.20950756e-17	-1.88322827e-18
7.28            	3.36722771e+00	1.68361386e+00	1.68361386e+00	-1.30880684e+00	-9.60738256e-01	-3.48068581e-01	-3.06334838e-01	1.16775541e-16	-3.49143267e-17	-6.98502802e-17	-6.98394668e-17	-1.08134114e-20
7.29            	3.36623069e+00	1.68311534e+00	1.68311534e+00	-1.27248198e+00	-4.89288972e-01	-7.83193006e-01	1.46952017e-01	1.14692900e-16	-3.99728727e-17	-8.10501932e-17	-8.04979693e-17	-5.52223954e-19
7.3             	3.37447490e+00	1.68723745e+00	1.68723745e+00	-1.19414530e+00	-4.59202675e-01	-7.34942620e-01	1.37869972e-01	1.14257489e-16	-4.34932717e-17	-9.69704319e-17	-9.19784876e-17	-4.99194432e-18
7.31            	3.26535755e+00	1.63267878e+00	1.63267878e+00	-1.17609861e+00	-2.85606394e-01	-8.90492216e-01	3.02442911e-01	1.08611332e-16	-3.53457656e-17	-7.79303110e-17	-7.43109211e-17	-3.61938986e-18
7.32            	3.27122817e+00	1.63561408e+00	1.63561408e+00	-1.04583821e+00	-4.61651121e-01	-5.84187085e-01	6.12679818e-02	1.10928915e-16	-3.71076781e-17	-9.92771571e-17	-8.67462566e-17	-1.25309004e-17
7.33            	3.26491189e+00	1.63245595e+00	1.63245595e+00	-8.85989863e-01	-2.84891200e-01	-6.01098663e-01	1.58103731e-01	1.14935503e-16	-3.84822443e-17	-1.23540114e-16	-1.00252301e-16	-2.32878130e-17
7.34            	3.26503358e+00	1.63251679e+00	1.63251679e+00	-7.02811160e-01	-4.29333439e-01	-2.73477721e-01	-7.79278589e-02	1.20027713e-16	-3.85022838e-17	-1.49597985e-16	-1.13301276e-16	-3.62967085e-17
7.35            	3.25890839e+00	1.62945419e+00	1.62945419e+00	-5.03292905e-01	-4.36769451e-01	-6.65234543e-02	-1.85122998e-01	1.26214227e-16	-3.77525883e-17	-1.76339156e-16	-1.25922166e-16	-5.04169897e-17
7.36            	3.23504322e+00	1.61752161e+00	1.61752161e+00	-2.94888226e-01	1.20956853e-01	-4.15845079e-01	2.68400966e-01	1.33425877e-16	-3.68679018e-17	-2.02712241e-16	-1.38224022e-16	-6.44882185e-17
7.37            	3.22822360e+00	1.61411180e+00	1.61411180e+00	-8.54052341e-02	2.88953043e-02	-1.14300538e-01	7.15979213e-02	1.40553544e-16	-3.44374372e-17	-2.27740950e-16	-1.48307912e-16	-7.94330379e-17
7.38            	3.21834407e+00	1.60917203e+00	1.60917203e+00	1.17577009e-01	4.39917593e-02	7.35852493e-02	-1.47967450e-02	1.47669504e-16	-3.16677416e-17	-2.50600084e-16	-1.56967784e-16	-9.36323005e-17
7.39            	3.20785788e+00	1.60392894e+00	1.60392894e+00	3.06675623e-01	1.19642385e-01	1.87033238e-01	-3.36954264e-02	1.54368667e-16	-2.87597055e-17	-2.70584389e-16	-1.64051900e-16	-1.06532489e-16
7.4             	3.20550168e+00	1.60275084e+00	1.60275084e+00	4.74958823e-01	-2.01500692e-02	4.95108892e-01	-2.57629481e-01	1.60144586e-16	-2.56182424e-17	-2.87115907e-16	-1.69176196e-16	-1.17939711e-16
7.41            	3.27784337e+00	1.63892169e+00	1.63892169e+00	8.64164202e-01	3.94112696e-01	4.70051506e-01	-3.79694049e-02	1.83635818e-16	-2.73049919e-17	-3.52136469e-16	-2.03373226e-16	-1.48763242e-16
7.42            	3.27907064e+00	1.63953532e+00	1.63953532e+00	9.90007967e-01	5.29650430e-01	4.60357537e-01	3.46464466e-02	1.87893325e-16	-2.63456748e-17	-3.65228825e-16	-2.08960087e-16	-1.56268738e-16
7.43            	3.29016958e+00	1.64508479e+00	1.64508479e+00	1.07713973e+00	3.86808821e-01	6.90330905e-01	-1.51761042e-01	1.90573320e-16	-2.53375268e-17	-3.73489440e-16	-2.12082247e-16	-1.61407193e-16
7.44            	3.30042266e+00	1.65021133e+00	1.65021133e+00	1.12321148e+00	3.12930919e-01	8.10280562e-01	-2.48674821e-01	1.92011021e-16	-2.45710686e-17	-3.76682898e-16	-2.12912517e-16	-1.63770380e-16
7.45            	3.30110800e+00	1.65055400e+00	1.65055400e+00	1.12764371e+00	5.76331813e-01	5.51311894e-01	1.25099595e-02	1.92579550e-16	-2.42027213e-17	-3.74748606e-16	-2.11577024e-16	-1.63171582e-16
7.46            	3.30521464e+00	1.65260732e+00	1.65260732e+00	1.09151993e+00	6.67711731e-01	4.23808196e-01	1.21951768e-01	1.92231011e-16	-2.33825258e-17	-3.67798544e-16	-2.07281798e-16	-1.60516746e-16
7.47            	3.30501831e+00	1.65250915e+00	1.65250915e+00	1.01749656e+00	8.22981335e-01	1.94515229e-01	3.14233053e-01	1.91372228e-16	-2.22652948e-17	-3.56129295e-16	-2.00329942e-16	-1.55799353e-16
7.48            	3.30106700e+00	1.65053350e+00	1.65053350e+00	9.09482631e-01	9.93518250e-01	-8.40356190e-02	5.38776934e-01	1.90195040e-16	-2.07135901e-17	-3.40207785e-16	-1.90817482e-16	-1.49390302e-16
7.49            	3.30212104e+00	1.65106052e+00	1.65106052e+00	7.72400130e-01	8.52232114e-01	-7.98319840e-02	4.66032049e-01	1.88644119e-16	-1.83291107e-17	-3.20662087e-16	-1.78660154e-16	-1.42001933e-16
7.5             	3.29933644e+00	1.64966822e+00	1.64966822e+00	6.11807045e-01	7.19967417e-01	-1.08160372e-01	4.14063895e-01	1.86951714e-16	-1.56616424e-17	-2.98249183e-16	-1.64786234e-16	-1.33462949e-16
7.51            	3.34662053e+00	1.67331027e+00	1.67331027e+00	6.89317347e-02	2.14491714e-01	-1.45559980e-01	1.80025847e-01	1.53972628e-16	-2.40786840e-17	-2.15145809e-16	-1.31651588e-16	-8.34942205e-17
7.52            	3.33645997e+00	1.66822999e+00	1.66822999e+00	-1.44613060e-01	2.35598547e-01	-3.80211607e-01	3.07905077e-01	1.50518972e-16	-2.09020079e-17	-1.84449466e-16	-1.13126741e-16	-7.13227251e-17
7.53            	3.33066301e+00	1.66533151e+00	1.66533151e+00	-3.53395971e-01	4.74872874e-02	-4.00883259e-01	2.24185273e-01	1.47715444e-16	-1.72494896e-17	-1.55167060e-16	-9.48330197e-17	-6.03340405e-17
7.54            	3.32246581e+00	1.66123291e+00	1.66123291e+00	-5.48901855e-01	-2.05273152e-02	-5.28374540e-01	2.53923612e-01	1.45785091e-16	-1.40242329e-17	-1.29010028e-16	-7.85292469e-17	-5.04807811e-17
7.55            	3.30983884e+00	1.65491942e+00	1.65491942e+00	-7.23032883e-01	1.75105180e-01	-8.98138063e-01	5.36621621e-01	1.44750857e-16	-1.18980705e-17	-1.07558405e-16	-6.56772730e-17	-4.18811321e-17
7.56            	3.31963443e+00	1.65981721e+00	1.65981721e+00	-8.68860196e-01	-2.71380862e-01	-5.97479335e-01	1.63049236e-01	1.43937559e-16	-1.01308409e-17	-9.21001163e-17	-5.61808991e-17	-3.59192172e-17
7.57            	3.32263176e+00	1.66131588e+00	1.66131588e+00	-9.80762435e-01	-2.71993425e-01	-7.08769011e-01	2.18387793e-01	1.43854452e-16	-1.04474959e-17	-8.35296993e-17	-5.22123456e-17	-3.13173538e-17
7.58            	3.31789900e+00	1.65894950e+00	1.65894950e+00	-1.05443314e+00	2.49435570e-01	-1.30386871e+00	7.76652137e-01	1.44457794e-16	-1.31019989e-17	-8.23696414e-17	-5.42868196e-17	-2.80828218e-17
7.59            	3.33541360e+00	1.66770680e+00	1.66770680e+00	-1.08731235e+00	1.87281807e-01	-1.27459415e+00	7.30937981e-01	1.44975020e-16	-1.66005275e-17	-8.85412250e-17	-6.08711400e-17	-2.76700850e-17
7.6             	3.36550810e+00	1.68275405e+00	1.68275405e+00	-1.07799580e+00	-1.66709806e-01	-9.11285995e-01	3.72288095e-01	1.45575138e-16	-2.10493084e-17	-1.01572779e-16	-7.18356982e-17	-2.97370813e-17
7.61            	3.31112022e+00	1.65556011e+00	1.65556011e+00	-1.06789962e+00	-1.11632603e-01	-9.56267015e-01	4.22317206e-01	1.36406860e-16	-2.60034612e-17	-1.00953855e-16	-7.64803888e-17	-2.44734664e-17
7.62            	3.31922175e+00	1.65961087e+00	1.65961087e+00	-1.00833971e+00	-5.05530918e-02	-9.57786614e-01	4.53616761e-01	1.36007131e-16	-2.99032657e-17	-1.15113687e-16	-8.74601093e-17	-2.76535780e-17
7.63            	3.33284788e+00	1.66642394e+00	1.66642394e+00	-9.11892171e-01	-1.45901236e-01	-7.65990935e-01	3.10044850e-01	1.36477573e-16	-3.35276098e-17	-1.33907754e-16	-1.00481487e-16	-3.34262670e-17
7.64            	3.33889721e+00	1.66944861e+00	1.66944861e+00	-7.81658765e-01	2.74353952e-02	-8.09094160e-01	4.18264778e-01	1.38238442e-16	-3.71204957e-17	-1.56609144e-16	-1.15425068e-16	-4.11840765e-17
7.65            	3.35132269e+00	1.67566135e+00	1.67566135e+00	-6.21757121e-01	-7.18262728e-02	-5.49930848e-01	2.39052288e-01	1.41075221e-16	-3.96975730e-17	-1.82357020e-16	-1.30876083e-16	-5.14809368e-17
7.66            	3.35375642e+00	1.67687821e+00	1.67687821e+00	-4.37240165e-01	1.06395905e-01	-5.43636070e-01	3.25015988e-01	1.45350435e-16	-4.17449831e-17	-2.10191235e-16	-1.46840600e-16	-6.33506342e-17
7.67            	3.36036962e+00	1.68018481e+00	1.68018481e+00	-2.34054541e-01	3.13027988e-02	-2.65357340e-01	1.48330069e-01	1.50674655e-16	-4.24310981e-17	-2.39087558e-16	-1.61974877e-16	-7.71126810e-17
7.68            	3.35988716e+00	1.67994358e+00	1.67994358e+00	-1.87969682e-02	9.69309467e-02	-1.15727915e-01	1.06329431e-01	1.57114490e-16	-4.22218944e-17	-2.68021803e-16	-1.76232796e-16	-9.17890073e-17
7.69            	3.34156131e+00	1.67078065e+00	1.67078065e+00	2.01351406e-01	6.93800115e-01	-4.92448709e-01	5.93124412e-01	1.64627746e-16	-4.16889449e-17	-2.95997085e-16	-1.89687487e-16	-1.06309598e-16
7.7             	3.34527563e+00	1.67263782e+00	1.67263782e+00	4.18787391e-01	4.18884781e-01	-9.73899331e-05	2.09491086e-01	1.72005365e-16	-3.91849949e-17	-3.22087381e-16	-2.00228685e-16	-1.21858695e-16
7.71            	3.28958779e+00	1.64479390e+00	1.64479390e+00	3.98324066e-01	-1.34503085e-01	5.32827151e-01	-3.33665118e-01	1.63041629e-16	-3.36853067e-17	-3.00540631e-16	-1.83955622e-16	-1.16585009e-16
7.72            	3.27527181e+00	1.63763590e+00	1.63763590e+00	5.80295905e-01	1.62945056e-01	4.17350849e-01	-1.27202896e-01	1.69500256e-16	-3.13257864e-17	-3.19592952e-16	-1.91122263e-16	-1.28470690e-16
7.73            	3.25910113e+00	1.62955057e+00	1.62955057e+00	7.40886680e-01	6.01036194e-01	1.39850486e-01	2.30592854e-01	1.75256300e-16	-2.92982540e-17	-3.35446629e-16	-1.97021568e-16	-1.38425060e-16
7.74            	3.27213321e+00	1.63606661e+00	1.63606661e+00	8.73915560e-01	8.96098901e-02	7.84305670e-01	-3.47347890e-01	1.79393883e-16	-2.63472386e-17	-3.47595293e-16	-2.00144885e-16	-1.47450408e-16
7.75            	3.27213947e+00	1.63606974e+00	1.63606974e+00	9.74372245e-01	1.44435763e-01	8.29936482e-01	-3.42750360e-01	1.82679967e-16	-2.45154476e-17	-3.55661757e-16	-2.02346326e-16	-1.53315431e-16
7.76            	3.27289037e+00	1.63644518e+00	1.63644518e+00	1.03859432e+00	2.61490316e-01	7.77104000e-01	-2.57806842e-01	1.84776037e-16	-2.31480458e-17	-3.59394189e-16	-2.02845140e-16	-1.56549049e-16
7.77            	3.27079681e+00	1.63539840e+00	1.63539840e+00	1.06447197e+00	5.42797195e-01	5.21674773e-01	1.05612110e-02	1.85822766e-16	-2.23005914e-17	-3.58684503e-16	-2.01642843e-16	-1.57041660e-16
7.78            	3.28031165e+00	1.64015582e+00	1.64015582e+00	1.05148657e+00	4.33470613e-01	6.18015955e-01	-9.22726708e-02	1.85651438e-16	-2.11244478e-17	-3.53561561e-16	-1.97905228e-16	-1.55656333e-16
7.79            	3.27227079e+00	1.63613539e+00	1.63613539e+00	1.00068640e+00	9.32059359e-01	6.86270445e-02	4.31716157e-01	1.85085710e-16	-2.07549932e-17	-3.44187826e-16	-1.92848906e-16	-1.51338920e-16
7.8             	3.28892865e+00	1.64446432e+00	1.64446432e+00	9.14550897e-01	4.83391324e-01	4.31159573e-01	2.61158758e-02	1.83424862e-16	-1.90272671e-17	-3.30855479e-16	-1.84455006e-16	-1.46400472e-16
7.81            	3.28181004e+00	1.64090502e+00	1.64090502e+00	7.96781049e-01	7.84351175e-01	1.24298741e-02	3.85960650e-01	1.81907514e-16	-1.80229034e-17	-3.13972956e-16	-1.75009381e-16	-1.38963575e-16
7.82            	3.28436586e+00	1.64218293e+00	1.64218293e+00	6.52074101e-01	6.13940209e-01	3.81338915e-02	2.87903159e-01	1.79955597e-16	-1.61121574e-17	-2.94068325e-16	-1.63146320e-16	-1.30922005e-16
7.83            	3.27975404e+00	1.63987702e+00	1.63987702e+00	4.85846246e-01	5.65667158e-01	-7.98209125e-02	3.22744035e-01	1.78010633e-16	-1.40938011e-17	-2.71775669e-16	-1.49981636e-16	-1.21794034e-16
7.84            	3.26467212e+00	1.63233606e+00	1.63233606e+00	3.03932488e-01	7.66409112e-01	-4.62476624e-01	6.14442868e-01	1.76144515e-16	-1.22525978e-17	-2.47824654e-16	-1.36164925e-16	-1.11659729e-16
7.85            	3.25796316e+00	1.62898158e+00	1.62898158e+00	1.12423591e-01	5.67341758e-01	-4.54918167e-01	5.11129962e-01	1.73883240e-16	-9.94583721e-18	-2.23027755e-16	-1.21459715e-16	-1.01568040e-16
7.86            	3.24981199e+00	1.62490599e+00	1.62490599e+00	-8.25821498e-02	3.59327765e-01	-4.41909915e-01	4.00618840e-01	1.71320241e-16	-7.93266447e-18	-1.98243615e-16	-1.07054472e-16	-9.11891432e-17
7.87            	3.22976297e+00	1.61488149e+00	1.61488149e+00	-2.75071027e-01	5.65403081e-01	-8.40474108e-01	7.02938594e-01	1.68539336e-16	-7.03492296e-18	-1.74345260e-16	-9.42075530e-17	-8.01377071e-17
7.88            	3.21877403e+00	1.60938702e+00	1.60938702e+00	-4.59245105e-01	4.89840061e-01	-9.49085165e-01	7.19462613e-01	1.64963521e-16	-6.60112899e-18	-1.52171163e-16	-8.26867107e-17	-6.94844527e-17
7.89            	3.21892032e+00	1.60946016e+00	1.60946016e+00	-6.29584802e-01	1.09310377e-01	-7.38895178e-01	4.24102778e-01	1.60478523e-16	-6.78500347e-18	-1.32489940e-16	-7.30299736e-17	-5.94599667e-17
7.9             	3.21497818e+00	1.60748909e+00	1.60748909e+00	-7.80975226e-01	9.79712953e-03	-7.90772356e-01	4.00284743e-01	1.55428779e-16	-8.43056366e-18	-1.15959430e-16	-6.64102787e-17	-4.95491513e-17
7.91            	3.18784063e+00	1.59392032e+00	1.59392032e+00	-9.83089780e-01	-3.11008233e-03	-9.79979697e-01	4.88434807e-01	1.31814135e-16	-1.17757307e-17	-7.27068198e-17	-4.81291406e-17	-2.45776792e-17
7.92            	3.18846362e+00	1.59423181e+00	1.59423181e+00	-1.07933472e+00	-1.47879590e-01	-9.31455132e-01	3.91787771e-01	1.28765870e-16	-1.23922045e-17	-6.30697108e-17	-4.39270599e-17	-1.91426509e-17
7.93            	3.19918136e+00	1.59959068e+00	1.59959068e+00	-1.13489853e+00	-5.26480713e-01	-6.08417814e-01	4.09685503e-02	1.26564112e-16	-1.33449547e-17	-5.99794192e-17	-4.33346643e-17	-1.66447550e-17
7.94            	3.19152462e+00	1.59576231e+00	1.59576231e+00	-1.14668073e+00	-1.23392973e-01	-1.02328776e+00	4.49947391e-01	1.26010142e-16	-1.59026247e-17	-6.38700415e-17	-4.78376455e-17	-1.60323960e-17
7.95            	3.19443449e+00	1.59721725e+00	1.59721725e+00	-1.11325424e+00	9.02178707e-03	-1.12227603e+00	5.65648909e-01	1.26633645e-16	-1.85759827e-17	-7.48246049e-17	-5.59882851e-17	-1.88363198e-17
7.96            	3.20758360e+00	1.60379180e+00	1.60379180e+00	-1.03453190e+00	-1.44798048e-01	-8.89733848e-01	3.72467900e-01	1.28569955e-16	-2.11513493e-17	-9.26283574e-17	-6.74655280e-17	-2.51628294e-17
7.97            	3.22143122e+00	1.61071561e+00	1.61071561e+00	-9.11873095e-01	-2.77025540e-01	-6.34847555e-01	1.78911008e-01	1.32109669e-16	-2.37863210e-17	-1.16768470e-16	-8.21705561e-17	-3.45979141e-17
7.98            	3.23015308e+00	1.61507654e+00	1.61507654e+00	-7.48067417e-01	-2.15463547e-01	-5.32603870e-01	1.58570161e-01	1.37406085e-16	-2.64410676e-17	-1.46465847e-16	-9.96739910e-17	-4.67918558e-17
7.99            	3.23243160e+00	1.61621580e+00	1.61621580e+00	-5.47415862e-01	5.21371223e-02	-5.99552984e-01	3.25845053e-01	1.44440016e-16	-2.88752377e-17	-1.80700557e-16	-1.19225516e-16	-6.14750408e-17
8               	3.23240256e+00	1.61620128e+00	1.61620128e+00	-3.15421964e-01	3.47172084e-01	-6.62594048e-01	5.04883066e-01	1.53003675e-16	-3.06332371e-17	-2.18299644e-16	-1.39783059e-16	-7.85165849e-17
